63 7 58 77 12 72 22 34 19 41 28 58 50 8 35 98 14 67 4 35 89 69 36 45 46 60 67 41 60 63 14 9 4 57 6 20 61 18 74 46 86 25 19 25 23 5 42 41 88 47 74 81 59 64 2 90 38 51 41 7 20 90 40 70 20 58 85 42 74 47 61 10 90 52 78 52 91 79 90 14 37 41 90 85 33 17 56 30 16 10 27 70 41 49 84 69 31 32 73 26 
 Nastepna tablica
2 4 4 5 6 7 7 8 9 10 10 12 14 14 14 16 17 18 19 20 20 20 22 23 25 19 25 26 27 28 30 31 32 33 34 35 35 36 37 38 40 41 41 41 41 41 41 42 42 45 46 46 47 47 49 50 51 52 52 56 57 58 58 58 59 60 60 61 61 63 63 64 67 67 69 69 70 70 72 73 74 74 74 77 78 79 81 84 85 85 86 88 89 90 90 90 90 90 91 98 
 Nastepna tablica
84 51 27 85 40 92 29 97 64 10 95 64 45 18 76 36 100 22 8 90 99 29 5 42 77 74 8 64 58 24 2 37 33 22 20 59 71 60 12 94 72 78 8 27 60 92 40 33 90 38 71 17 4 48 42 42 59 92 85 38 8 58 26 7 79 89 19 41 47 88 22 15 51 96 19 33 91 64 78 45 18 21 65 48 10 91 64 30 32 31 87 65 89 7 84 43 22 38 81 31 
 Nastepna tablica
2 4 5 7 7 8 8 8 8 10 10 12 15 17 18 18 19 19 20 21 22 22 22 22 24 26 27 27 29 29 30 31 31 32 33 33 33 36 37 38 38 38 40 40 41 42 42 42 43 45 45 47 48 48 51 51 58 58 59 59 60 60 64 64 64 64 64 65 65 71 71 72 74 76 77 78 78 79 81 84 84 85 85 87 88 89 89 90 90 91 91 92 92 92 94 95 96 97 99 100 
 Nastepna tablica
28 25 40 9 16 74 50 64 9 46 5 19 37 95 78 11 57 30 41 12 15 87 89 6 70 25 67 29 5 63 26 84 67 33 2 95 63 58 30 64 10 71 90 8 85 84 65 93 45 21 70 57 76 52 73 84 78 85 20 87 20 82 82 49 47 93 28 6 60 54 55 66 91 81 89 3 37 76 23 2 71 1 30 52 59 18 17 75 37 72 43 14 35 53 77 98 77 97 26 42 
 Nastepna tablica
1 2 2 3 5 5 6 6 8 9 9 10 11 12 14 15 16 17 18 19 20 20 21 23 25 25 26 26 28 28 29 30 30 30 33 35 37 37 37 40 41 42 43 45 46 47 49 50 52 52 53 54 55 57 57 58 59 60 63 63 64 64 65 66 67 67 70 70 71 71 72 73 74 75 76 76 77 77 78 78 81 82 82 84 84 84 85 85 87 87 89 89 90 91 93 93 95 95 97 98 
 Nastepna tablica
27 40 60 25 3 74 42 73 18 23 80 8 58 20 91 51 53 9 78 85 100 57 20 81 94 58 43 25 95 26 55 14 25 55 83 58 30 25 45 58 30 45 72 32 26 15 3 18 93 17 40 36 46 23 54 98 90 87 47 85 3 2 64 39 62 70 94 1 17 25 77 73 87 94 67 57 56 3 43 58 56 95 99 12 51 4 71 85 59 23 62 20 93 2 85 40 84 59 74 49 
 Nastepna tablica
1 2 2 3 3 3 3 4 8 9 12 14 15 17 17 18 18 20 20 20 23 23 23 25 25 25 25 26 26 27 30 32 36 39 40 40 40 42 43 43 45 45 46 47 49 51 51 53 54 55 55 56 56 57 57 58 58 58 30 25 58 58 59 59 60 62 62 64 67 70 71 72 73 73 74 74 77 78 80 81 83 84 85 85 85 85 87 87 90 91 93 93 94 94 94 95 95 98 99 100 
 Nastepna tablica
35 84 75 75 81 55 73 88 55 82 3 15 32 65 78 90 52 83 81 35 79 82 96 31 87 51 6 18 25 93 99 23 52 25 91 91 47 10 65 88 95 2 63 76 23 48 47 97 12 24 49 80 12 12 93 77 39 20 99 13 56 40 21 98 96 88 33 94 33 72 24 11 5 93 23 66 45 29 4 59 23 6 90 95 25 97 68 7 93 64 24 68 66 36 24 75 24 93 61 59 
 Nastepna tablica
2 3 4 5 6 6 7 10 11 12 12 12 13 15 18 20 21 23 23 23 23 24 24 24 24 24 25 25 25 29 31 32 33 33 35 35 36 39 40 45 47 47 48 49 51 52 52 55 55 56 59 59 61 63 64 65 65 66 66 68 68 72 73 75 75 75 76 77 78 79 80 81 81 82 82 83 84 87 88 88 88 90 90 91 91 93 93 93 93 93 94 95 95 96 96 97 97 98 99 99 
 Nastepna tablica
63 26 30 33 80 69 34 52 84 58 86 85 41 95 10 92 3 49 39 24 87 21 60 39 82 49 31 14 55 12 23 39 78 82 39 23 72 57 37 43 46 89 100 81 15 2 32 97 68 48 92 61 91 46 72 87 80 11 67 26 34 65 50 94 24 54 3 73 66 69 24 50 79 68 60 39 20 19 31 35 95 38 84 5 36 71 80 80 12 54 96 19 36 52 63 87 96 85 81 98 
 Nastepna tablica
2 3 3 5 10 11 12 12 14 15 19 19 20 21 23 23 24 24 24 26 26 30 31 31 32 33 34 34 35 36 36 37 38 39 39 39 39 39 41 43 46 46 48 49 49 50 50 52 52 54 54 55 57 58 60 60 61 63 63 65 66 67 68 68 69 69 71 72 72 73 78 79 80 80 80 80 81 81 82 82 84 84 85 85 86 87 87 87 89 91 92 92 94 95 95 96 96 97 98 100 
 Nastepna tablica
36 65 39 66 73 45 76 79 29 91 36 45 65 31 75 33 47 16 88 93 79 78 82 90 29 57 34 58 31 18 70 39 93 53 50 51 66 99 33 72 9 8 99 69 72 68 96 81 75 13 23 11 88 44 92 59 13 48 23 25 79 63 34 27 98 57 72 76 41 78 84 86 88 11 19 59 55 59 81 40 100 78 63 89 27 82 32 69 77 6 9 5 3 27 41 47 49 85 47 17 
 Nastepna tablica
3 5 6 8 9 9 11 11 13 13 16 17 18 19 23 23 25 27 27 27 29 29 31 31 32 33 33 34 34 36 36 39 39 40 41 41 44 45 45 47 47 47 48 49 50 51 53 55 57 57 58 59 59 59 63 63 65 65 66 66 68 69 69 70 72 72 72 73 75 75 76 76 77 78 78 78 79 79 79 81 81 82 82 84 85 86 88 88 88 89 90 91 92 93 93 96 98 99 99 100 
 Nastepna tablica
23 94 50 78 54 24 22 72 98 9 96 94 34 43 70 92 97 54 76 89 44 29 90 29 8 86 95 15 1 25 29 28 83 55 94 28 60 88 14 76 62 95 50 17 46 20 65 60 5 18 69 79 26 30 52 30 77 76 3 62 75 49 31 30 73 73 74 39 49 53 24 74 22 51 19 7 67 73 52 68 75 36 91 53 36 38 68 23 74 69 11 84 45 77 84 26 17 56 60 40 
 Nastepna tablica
1 3 5 7 8 9 11 14 15 17 17 18 19 20 22 22 23 23 24 24 25 26 26 28 28 29 29 29 30 30 30 31 34 36 36 38 39 40 43 44 45 46 49 49 50 50 51 52 52 53 53 54 54 55 56 60 60 60 62 62 65 67 68 68 69 69 70 72 73 73 73 74 74 74 75 75 76 76 76 77 77 78 79 83 84 84 86 88 89 90 91 92 94 94 94 95 95 96 97 98 
 Nastepna tablica
65 25 68 15 26 51 79 84 26 46 86 5 8 30 26 54 77 63 26 86 39 37 65 30 57 46 38 54 24 12 18 82 9 22 14 18 7 98 81 29 9 100 13 62 47 26 93 44 49 35 73 48 89 49 14 76 11 38 31 94 77 13 21 10 76 46 81 80 4 59 11 9 34 9 63 75 48 79 17 44 45 93 75 4 23 39 46 85 69 90 52 67 5 67 76 55 58 80 47 100 
 Nastepna tablica
4 4 5 7 8 9 9 9 9 10 11 11 12 13 13 14 14 15 17 18 18 21 22 23 24 25 26 26 26 26 26 29 30 30 31 34 35 37 38 38 39 39 44 44 45 46 46 46 46 47 47 48 48 49 49 51 52 54 54 55 57 58 59 62 63 63 65 65 67 5 67 68 69 73 75 75 76 76 76 77 77 79 79 80 80 81 81 82 84 85 86 86 89 90 93 93 94 98 100 100 
 Nastepna tablica
37 4 87 21 45 35 85 18 80 44 58 1 88 96 46 26 82 40 84 46 93 51 13 37 14 43 29 42 44 24 70 91 2 100 70 13 80 48 51 73 90 43 80 16 62 18 59 32 84 20 21 7 35 83 42 35 23 79 94 19 12 57 31 33 76 43 88 28 41 6 49 96 66 27 79 16 80 82 38 35 27 12 54 3 41 4 55 42 61 45 56 25 73 13 98 17 78 33 36 63 
 Nastepna tablica
1 2 3 4 4 6 7 12 12 13 13 13 14 16 16 17 18 18 19 20 21 21 23 24 25 26 27 27 28 29 31 32 33 33 35 35 35 35 36 37 37 38 40 41 41 42 42 42 43 43 43 44 44 45 45 46 46 48 49 51 51 54 55 56 57 58 59 61 62 63 66 70 70 73 73 76 78 79 79 80 80 80 80 82 82 83 84 84 85 87 88 88 90 91 93 94 96 96 98 100 
 Nastepna tablica
92 47 22 16 44 16 95 86 12 60 59 2 23 78 81 94 57 41 55 5 70 39 3 20 64 35 90 76 73 34 52 9 51 93 67 73 5 94 63 33 97 4 85 31 22 48 70 33 87 6 99 49 100 31 91 62 51 87 49 13 4 74 70 11 76 47 64 74 76 9 28 22 28 18 34 98 58 85 95 28 61 94 63 5 54 19 48 56 93 45 33 9 59 49 31 8 10 25 85 39 
 Nastepna tablica
2 3 4 4 5 5 5 6 8 9 9 9 10 11 12 13 16 16 18 19 20 22 22 22 23 25 28 28 28 31 31 31 33 33 33 34 34 35 39 39 41 44 45 47 47 48 48 49 49 49 51 51 52 54 55 56 57 58 59 59 60 61 62 63 63 64 64 67 70 70 70 73 73 74 74 76 76 76 78 81 85 85 85 86 87 87 90 91 92 93 93 94 94 94 95 95 97 98 99 100 
 Nastepna tablica
90 14 2 77 99 54 8 20 43 16 98 78 9 83 7 14 69 1 69 41 15 70 87 15 70 87 47 61 62 99 18 62 98 19 33 41 93 44 96 21 95 67 57 40 50 96 15 52 67 44 55 7 95 68 47 60 50 45 61 54 67 81 3 41 56 73 5 55 58 9 42 28 16 33 18 93 5 9 86 42 16 40 10 34 83 32 97 43 18 49 27 98 57 7 35 48 4 20 5 42 
 Nastepna tablica
2 3 4 5 5 5 7 7 7 8 9 9 9 10 14 14 15 15 15 16 16 16 18 18 18 19 20 20 21 27 28 32 33 33 34 35 40 40 41 41 41 42 42 42 43 43 44 44 45 47 47 48 49 50 50 52 54 54 55 55 56 57 57 58 60 61 61 62 62 67 67 67 68 69 1 69 70 70 73 77 78 81 83 83 86 87 87 90 93 93 95 95 96 96 97 98 98 98 99 99 
 Nastepna tablica
71 43 73 50 17 2 2 10 48 78 78 8 54 52 74 31 83 66 8 73 42 24 95 90 92 89 31 68 91 41 26 59 67 95 7 62 87 66 96 87 22 75 97 87 39 42 55 62 61 63 73 66 35 27 22 89 57 59 91 52 44 42 64 77 79 62 10 85 61 13 90 7 60 57 4 87 38 69 32 46 15 57 72 45 20 76 100 76 35 61 35 97 67 37 79 97 33 90 39 79 
 Nastepna tablica
2 2 4 7 7 8 8 10 10 13 15 17 20 22 22 24 26 27 31 31 32 35 35 35 37 38 39 41 42 42 42 43 44 45 46 48 50 52 52 54 55 57 57 57 59 59 60 61 61 61 62 62 62 63 64 66 66 66 67 67 68 69 71 72 73 73 73 74 75 76 76 77 78 78 79 79 83 85 87 87 87 87 89 89 90 90 90 39 79 91 91 92 95 95 96 97 97 97 33 100 
 Nastepna tablica
51 99 78 14 92 90 14 56 60 26 22 28 1 2 69 39 97 97 93 22 71 92 71 7 13 96 75 11 51 73 2 43 45 76 25 41 9 63 61 53 27 3 9 11 5 68 48 19 47 73 96 24 99 94 26 57 73 97 19 30 81 53 26 53 16 32 63 48 95 45 31 38 9 89 49 20 41 73 49 98 93 91 47 66 57 60 81 32 55 11 88 94 1 92 93 22 7 19 64 14 
 Nastepna tablica
1 1 2 2 3 5 7 7 9 9 9 11 11 11 13 14 14 14 16 19 19 19 20 22 22 22 24 25 26 26 26 27 28 30 31 32 32 38 39 41 41 43 45 45 47 47 48 48 49 49 51 51 53 53 53 55 56 57 57 60 60 61 63 63 64 66 68 69 71 71 73 73 73 73 75 76 78 81 81 88 89 90 91 92 92 92 93 93 93 94 94 95 96 96 97 97 97 98 99 99 
 Nastepna tablica
31 50 65 84 50 40 34 6 17 84 59 91 71 1 84 27 37 99 4 23 11 42 23 64 85 97 37 42 78 86 99 12 28 80 23 71 5 12 91 10 35 81 59 95 30 22 48 71 93 33 79 27 2 62 38 28 64 24 11 72 98 15 46 5 86 81 85 82 78 58 18 96 93 31 13 74 93 34 83 28 79 4 46 20 71 6 13 94 35 45 91 53 82 23 83 46 38 87 51 9 
 Nastepna tablica
1 2 4 4 5 5 6 6 9 10 11 11 12 12 13 13 15 17 18 20 22 23 23 23 23 24 27 27 28 28 28 30 31 31 33 34 34 35 35 37 37 38 38 40 42 42 45 46 46 46 48 50 50 51 53 58 59 59 62 64 64 65 71 71 71 71 72 74 78 78 79 79 80 81 81 82 82 83 83 84 84 84 85 85 86 86 87 91 91 91 93 93 93 94 95 96 97 98 99 99 
 Nastepna tablica
81 96 17 19 18 48 69 35 64 53 36 75 7 99 33 45 35 44 38 96 21 83 69 93 55 59 27 47 43 8 72 90 7 44 93 91 31 27 99 27 91 59 61 23 47 89 51 58 57 44 67 25 74 8 24 11 55 66 30 7 57 74 89 95 23 20 50 50 79 48 58 37 35 64 76 29 5 28 33 52 13 4 25 31 6 8 25 31 96 91 47 87 93 96 26 72 9 74 67 89 
 Nastepna tablica
4 5 6 7 7 7 8 8 8 9 11 13 17 18 19 20 21 23 23 24 25 25 25 26 27 27 27 28 29 30 31 31 31 33 33 35 35 35 36 37 38 43 44 44 44 45 47 47 48 48 50 50 51 52 53 55 55 57 57 58 58 59 59 61 64 64 66 67 67 69 69 72 72 74 74 74 75 76 79 81 83 87 89 89 89 90 91 91 93 93 93 95 96 96 96 91 47 96 99 99 
 Nastepna tablica
74 3 91 62 67 80 38 20 76 51 99 63 23 89 8 50 58 49 25 22 73 12 72 34 97 34 63 46 93 53 26 59 20 36 26 5 68 51 75 70 17 74 85 34 52 99 80 16 1 48 62 56 91 4 63 89 8 96 100 45 12 5 41 2 18 72 47 43 32 54 82 15 83 33 18 46 75 30 45 46 64 41 60 12 65 78 89 83 91 6 84 4 14 41 33 82 95 85 90 60 
 Nastepna tablica
1 2 3 4 4 5 5 6 8 8 12 12 12 14 15 16 17 18 18 20 20 22 23 25 26 26 30 32 33 33 34 34 34 36 38 41 41 41 43 45 45 46 46 46 47 48 49 50 51 51 52 53 54 56 58 59 60 60 62 62 63 63 63 64 65 67 68 70 72 72 73 74 74 75 75 76 78 80 80 82 82 83 83 84 85 85 89 89 89 90 91 91 91 93 95 96 97 99 99 100 
 Nastepna tablica
1 95 93 49 18 8 76 90 81 11 38 19 5 40 37 47 91 8 14 37 76 72 93 35 25 75 90 24 75 64 42 79 23 83 78 53 34 31 57 31 100 36 68 36 46 46 19 20 42 1 46 94 18 50 45 55 83 50 7 8 75 50 13 68 92 59 42 1 68 82 46 41 78 99 47 24 35 69 95 4 68 61 56 59 69 76 89 92 71 42 78 5 74 29 65 100 50 25 29 25 
 Nastepna tablica
1 4 5 7 8 13 18 24 25 25 29 29 35 41 42 1 42 45 46 46 47 50 50 50 50 55 56 59 61 65 68 68 68 69 69 71 74 75 75 76 78 78 82 83 89 90 24 75 64 42 79 23 83 78 53 34 31 57 31 92 59 92 94 95 93 49 18 8 76 90 81 11 38 19 5 40 37 47 91 8 14 37 76 72 93 35 25 95 99 100 36 68 36 46 46 19 20 42 1 100 
 Nastepna tablica
51 57 79 31 3 26 55 97 14 7 37 38 32 96 89 92 10 39 20 42 18 95 37 8 12 71 79 87 81 55 83 13 44 69 47 53 41 75 76 95 89 2 1 43 39 6 94 40 12 73 56 80 94 81 85 4 26 62 90 84 47 84 19 44 33 8 64 69 38 36 29 51 60 16 67 75 43 32 53 48 80 31 35 50 53 9 94 2 79 4 52 84 90 47 91 86 4 19 56 44 
 Nastepna tablica
1 2 2 3 4 4 4 6 7 8 8 9 10 12 12 13 14 16 18 19 19 20 26 26 29 31 31 32 32 33 35 36 37 37 38 38 39 39 40 41 42 43 43 44 44 44 47 47 47 48 50 51 51 52 53 53 53 55 55 56 56 57 60 62 64 67 69 69 71 73 75 75 76 79 79 79 80 80 81 81 83 84 84 84 85 86 87 89 89 90 90 91 92 94 94 94 95 95 96 97 
 Nastepna tablica
49 99 40 85 85 92 30 97 7 36 86 43 8 14 14 9 87 81 72 69 27 80 7 59 30 14 85 68 1 95 8 89 43 19 99 76 90 85 44 18 39 23 83 18 58 36 1 53 71 38 30 62 27 21 16 48 61 16 94 74 26 74 56 50 99 16 71 61 22 73 79 49 92 26 70 84 82 63 28 81 57 17 17 29 90 45 91 3 61 53 77 11 85 14 92 83 73 10 55 31 
 Nastepna tablica
1 1 3 7 7 8 8 9 10 11 14 14 14 14 16 16 16 17 17 18 18 19 21 22 23 26 26 27 27 28 29 30 30 30 31 36 36 38 39 40 43 43 44 45 48 49 49 50 53 53 55 56 57 58 59 61 61 61 62 63 68 69 70 71 71 72 73 73 74 74 76 77 79 80 81 81 82 83 83 84 85 85 85 85 85 86 87 89 90 90 91 92 92 92 94 95 97 99 99 99 
 Nastepna tablica
62 75 24 11 29 75 44 10 26 9 43 37 73 84 86 9 60 79 36 13 49 57 68 44 38 86 23 53 70 21 21 71 49 31 22 31 62 67 37 92 36 72 49 7 96 77 86 31 42 39 67 78 58 24 33 64 75 9 46 96 100 97 7 88 51 61 7 10 76 35 85 81 47 95 3 45 77 94 12 14 98 17 59 1 62 50 42 84 14 57 9 23 57 90 22 83 33 1 25 24 
 Nastepna tablica
1 1 3 7 7 7 9 9 9 9 10 10 11 12 13 14 14 17 21 21 22 22 23 23 24 24 24 25 26 29 31 31 31 33 33 35 36 36 37 37 38 39 42 42 43 44 44 45 46 47 49 49 49 50 51 53 57 57 57 58 59 60 61 62 62 62 64 67 67 68 70 71 72 73 75 75 75 76 77 77 78 79 81 83 84 84 85 86 86 86 88 90 92 94 95 96 96 97 98 100 
 Nastepna tablica
70 38 60 18 28 74 13 51 80 69 23 3 26 25 74 63 52 63 69 39 2 45 84 18 45 16 46 76 81 3 13 56 88 71 69 2 70 17 75 30 82 33 14 97 14 23 54 15 57 59 58 26 48 77 23 11 43 87 59 14 53 67 63 62 19 28 93 90 97 16 37 93 1 17 22 57 9 20 67 18 23 95 55 97 87 33 2 95 79 52 81 2 61 77 15 8 62 68 13 97 
 Nastepna tablica
1 2 2 2 2 3 3 8 9 11 13 13 13 14 14 14 15 15 16 16 17 17 18 18 18 19 20 22 23 23 23 23 25 26 26 28 28 30 33 33 37 38 39 43 45 45 46 48 51 52 52 53 54 55 56 57 57 58 59 59 60 61 62 62 63 63 63 67 67 68 69 69 69 70 70 71 74 74 75 76 77 77 79 80 81 81 82 84 87 87 88 90 93 93 95 95 97 97 97 97 
 Nastepna tablica
58 15 34 30 72 83 47 30 91 38 67 8 5 29 11 27 83 81 16 17 21 21 31 99 80 66 33 27 61 15 10 92 31 34 88 98 36 94 65 57 100 18 25 24 71 54 77 81 28 33 14 19 22 7 2 90 14 80 64 70 40 25 11 6 90 81 73 67 15 78 16 34 69 17 32 82 98 59 10 18 79 89 28 93 73 87 54 18 27 49 77 87 32 90 3 88 3 76 18 13 
 Nastepna tablica
2 3 3 5 6 8 10 10 11 11 13 14 15 15 15 16 16 17 17 18 18 18 18 19 21 21 22 7 24 25 25 27 27 27 28 28 29 30 30 31 31 32 32 33 33 34 34 34 36 38 40 47 49 54 54 57 58 59 61 64 65 66 67 67 69 70 71 72 73 73 76 77 77 78 79 80 80 81 81 81 82 83 83 87 87 88 88 89 90 14 90 90 91 92 93 94 98 98 99 100 
 Nastepna tablica
8 59 79 16 61 69 1 40 45 98 70 19 47 94 50 32 14 3 19 16 80 19 28 70 84 62 13 18 33 23 2 16 28 97 72 80 32 32 64 59 76 61 17 55 12 42 16 40 94 29 29 8 28 84 25 20 85 29 74 95 36 75 27 34 93 16 77 29 71 4 5 78 8 99 50 87 43 42 89 60 8 8 55 73 19 54 96 13 38 43 50 8 32 34 79 30 10 40 87 88 
 Nastepna tablica
1 2 3 4 5 8 8 8 8 8 8 10 12 13 13 14 16 16 16 16 16 17 18 19 19 19 19 20 23 25 27 28 28 28 29 29 29 29 30 32 32 32 32 33 34 34 36 38 40 40 40 42 42 43 43 45 47 50 50 50 54 55 55 59 59 60 61 61 62 64 69 70 70 71 72 73 74 75 76 77 78 79 79 80 80 84 84 85 87 87 88 89 93 94 94 95 96 97 98 99 
 Nastepna tablica
21 39 27 74 96 63 6 70 43 23 82 77 96 43 71 83 65 23 88 96 23 24 81 40 34 81 99 42 52 90 89 8 58 4 92 34 76 75 90 13 37 91 64 14 43 8 87 68 71 30 70 58 96 89 38 64 85 53 47 15 13 56 81 30 19 78 74 16 96 82 76 52 47 72 84 4 11 6 48 45 5 66 95 62 62 20 31 75 21 28 3 100 92 55 93 86 35 31 70 20 
 Nastepna tablica
3 4 4 5 6 6 8 8 11 13 13 14 15 16 19 20 20 21 21 23 23 23 24 27 28 30 30 31 31 34 34 35 37 38 39 40 42 43 43 43 45 47 47 48 52 52 53 55 56 58 58 62 62 63 64 64 65 66 68 70 70 70 71 71 72 74 74 75 75 76 76 77 78 81 81 81 82 82 83 84 85 86 87 88 89 89 90 90 91 92 92 93 95 96 96 96 96 96 99 100 
 Nastepna tablica
81 100 72 10 59 36 85 87 7 73 6 61 61 5 36 45 36 99 6 26 7 40 99 25 37 76 26 95 98 6 32 20 34 45 64 68 52 73 26 74 84 45 76 46 97 2 56 50 42 72 12 97 2 32 22 24 5 1 52 6 28 35 63 97 72 29 34 1 99 22 18 53 4 22 51 24 96 25 66 30 85 89 69 19 94 36 77 35 99 16 43 86 10 94 21 5 18 32 36 38 
 Nastepna tablica
1 1 2 2 4 5 5 5 6 6 6 6 7 7 10 10 12 16 18 18 19 20 21 22 22 22 24 24 25 25 26 26 26 28 29 30 32 32 32 34 34 35 35 36 36 36 36 36 37 38 40 42 43 45 45 45 46 50 51 52 52 53 56 59 61 61 63 64 66 68 69 72 72 72 73 73 74 76 76 77 81 84 85 85 86 87 89 94 94 95 96 97 97 97 98 99 99 99 99 100 
 Nastepna tablica
67 66 62 85 10 4 56 48 7 30 65 44 80 92 64 52 31 91 24 74 99 36 78 64 19 11 12 76 12 66 60 67 88 11 42 6 22 91 85 54 68 49 42 90 87 95 59 14 26 63 75 98 66 8 3 23 28 98 69 78 70 75 98 31 19 72 98 91 5 48 70 5 18 3 69 9 79 73 12 74 50 91 94 66 34 14 100 72 35 44 8 53 85 68 84 98 47 49 21 57 
 Nastepna tablica
3 3 4 5 5 6 7 8 8 9 10 11 11 12 12 12 14 14 18 19 19 21 22 23 24 26 28 30 31 31 34 35 36 42 42 44 44 47 48 48 49 49 50 52 53 54 56 57 59 60 62 63 64 64 65 66 66 66 66 67 67 68 68 69 70 70 72 72 73 74 74 75 75 76 78 79 80 84 85 85 85 87 88 90 91 91 91 91 92 94 95 98 98 69 78 98 98 98 99 100 
 Nastepna tablica
66 1 13 21 18 54 38 15 71 33 56 67 36 99 68 20 22 33 58 78 70 91 28 88 96 19 80 97 84 26 57 59 30 83 84 48 62 87 28 28 59 53 59 11 47 95 67 65 87 45 65 62 89 28 23 5 87 69 60 76 74 99 68 30 91 87 61 20 69 99 5 12 47 72 92 86 71 67 49 23 67 58 80 72 75 96 31 73 55 27 26 74 22 49 75 74 63 39 18 29 
 Nastepna tablica
1 5 5 11 12 13 15 18 18 19 20 20 21 22 22 23 23 26 26 27 28 28 28 28 29 30 30 31 33 33 36 38 39 45 47 47 48 49 49 53 54 55 56 57 58 58 59 59 59 60 61 62 62 63 65 65 66 67 67 67 67 68 68 69 69 70 71 71 72 72 73 74 74 74 75 75 76 78 80 80 83 84 84 86 87 87 87 87 88 89 91 91 92 95 96 96 97 99 99 99 
 Nastepna tablica
55 36 87 33 20 62 29 93 60 88 59 50 13 84 1 79 8 45 49 63 3 27 23 24 91 6 14 70 2 1 35 92 97 27 79 38 41 95 48 60 59 44 92 46 54 31 58 76 28 17 57 88 51 79 94 81 9 79 76 2 70 95 34 48 98 85 41 41 51 75 62 70 11 36 70 17 25 39 20 18 4 94 59 3 28 82 57 22 97 64 39 68 17 47 98 62 26 1 48 34 
 Nastepna tablica
1 1 1 2 2 3 3 4 6 8 9 11 13 14 17 17 17 18 20 20 22 23 24 25 26 27 27 28 28 29 31 33 34 34 35 36 36 38 39 39 41 41 41 44 45 46 47 48 48 48 49 50 51 51 54 55 57 57 58 59 59 59 60 60 62 62 62 63 64 68 70 70 70 70 75 76 76 79 79 79 79 81 82 84 85 87 88 88 91 92 92 93 94 94 95 95 97 97 98 98 
 Nastepna tablica
100 71 55 96 84 85 27 78 46 16 27 78 98 78 74 1 9 71 30 19 6 2 97 97 31 44 18 22 6 18 34 83 19 17 47 5 75 21 21 15 45 67 87 59 73 87 12 53 46 84 66 63 45 19 71 68 78 10 87 39 97 62 81 25 17 14 62 50 75 98 93 25 63 30 75 82 10 19 31 100 36 52 25 74 88 57 29 27 72 64 69 18 79 72 94 75 12 63 91 46 
 Nastepna tablica
1 2 5 6 6 9 10 10 12 12 14 15 16 17 17 18 18 18 19 19 19 19 21 21 22 25 25 25 27 27 27 29 30 30 31 31 34 36 39 44 45 45 46 46 46 47 50 52 53 55 57 59 62 62 63 63 63 66 67 68 71 71 71 72 64 69 73 74 74 75 75 75 75 78 78 78 78 79 72 81 82 83 84 84 85 87 87 87 88 91 93 94 96 97 97 97 98 98 100 100 
 Nastepna tablica
4 78 10 7 83 74 77 31 59 89 80 26 54 75 35 58 69 2 27 30 4 60 64 82 32 4 97 18 35 94 99 62 79 43 19 5 37 4 75 77 63 29 91 54 20 17 92 48 83 96 40 6 43 17 71 84 65 98 34 17 30 73 50 26 7 55 55 73 66 86 22 49 27 15 87 16 66 74 31 67 87 58 33 95 67 51 100 32 9 38 100 38 50 94 80 89 60 60 43 97 
 Nastepna tablica
2 4 4 4 6 7 7 9 10 15 16 17 17 17 20 22 26 26 27 27 29 30 30 31 31 32 32 33 34 35 38 38 40 43 43 48 49 50 50 51 54 54 55 55 58 58 59 60 60 60 63 64 65 66 66 67 67 69 71 73 73 74 74 75 75 77 77 78 79 43 19 5 37 4 80 80 82 83 83 84 86 87 87 89 89 91 92 94 95 96 97 18 35 94 97 98 99 62 100 100 
 Nastepna tablica
21 54 78 66 14 79 6 18 37 78 89 28 100 24 55 40 71 46 25 57 65 96 81 57 94 23 29 59 71 53 60 9 66 6 34 5 52 29 74 69 84 21 74 34 34 13 39 25 88 51 23 47 20 56 43 23 38 82 4 69 67 42 63 50 46 44 55 69 29 93 72 92 8 99 62 15 66 27 44 44 36 80 77 51 94 18 79 28 38 37 18 43 36 87 39 31 12 95 42 15 
 Nastepna tablica
4 5 6 6 8 9 13 14 15 18 20 21 21 23 23 23 24 25 25 28 29 29 29 34 34 34 37 38 38 37 18 39 40 42 43 43 36 44 46 46 47 50 51 52 53 54 55 55 56 57 57 59 60 62 63 65 66 66 66 27 44 44 36 67 69 69 69 71 71 72 74 74 78 78 79 80 77 51 81 82 84 87 39 31 12 88 89 92 93 94 94 18 79 28 95 42 15 96 99 100 
 Nastepna tablica
98 11 100 13 87 5 33 87 62 81 9 94 6 46 73 37 35 34 29 35 27 43 19 61 62 28 86 74 64 91 97 59 66 44 74 100 75 29 70 28 89 43 29 86 2 30 97 100 52 69 56 81 17 92 91 25 90 57 94 36 10 92 24 8 10 94 69 26 40 28 27 3 72 26 21 98 41 74 43 93 80 69 10 77 62 76 22 2 27 78 37 87 75 26 37 22 60 86 42 43 
 Nastepna tablica
2 2 3 5 6 8 9 10 10 10 11 13 17 19 21 22 22 24 25 26 26 26 27 27 27 28 28 28 29 29 29 30 33 34 35 35 36 37 37 37 40 41 42 43 43 43 43 44 46 52 56 57 59 60 61 62 62 62 64 66 69 69 69 70 72 73 74 74 74 75 75 76 77 78 80 81 81 86 86 86 87 87 87 89 90 91 91 92 92 93 94 94 94 97 97 98 98 100 100 100 
 Nastepna tablica
60 95 58 2 65 60 17 50 82 23 69 56 87 63 25 12 32 15 3 6 74 47 44 3 22 53 79 94 14 57 74 70 25 80 56 9 15 58 5 75 65 86 40 23 98 68 90 10 38 65 28 50 26 33 26 32 96 97 65 32 64 93 26 40 71 77 16 92 34 80 61 41 39 38 23 17 68 6 81 38 36 46 27 33 7 22 21 96 20 18 48 71 60 64 21 56 8 1 40 82 
 Nastepna tablica
1 2 3 3 5 6 6 7 8 9 10 12 14 15 15 16 17 17 18 20 21 21 22 22 23 23 23 25 25 26 26 26 27 28 32 32 32 33 33 34 36 38 38 38 39 40 40 40 41 44 46 47 48 50 50 53 56 56 56 57 58 58 60 60 60 61 63 64 64 65 65 65 65 68 68 69 70 71 71 74 74 75 77 79 80 80 81 82 82 86 87 90 92 93 94 95 96 96 97 98 
 Nastepna tablica
27 39 76 23 99 18 56 20 45 91 89 72 63 78 1 11 37 83 47 94 62 4 84 40 16 89 26 31 30 71 26 31 93 25 99 6 85 68 45 69 42 14 32 25 98 45 53 2 97 33 78 96 98 11 96 87 39 31 100 80 5 9 47 16 92 47 31 49 14 91 67 59 30 51 76 89 34 100 89 75 62 70 7 47 21 96 82 19 2 76 88 32 11 94 11 5 49 98 89 49 
 Nastepna tablica
1 2 2 4 5 5 6 7 9 11 11 11 11 14 14 16 16 18 19 20 21 23 25 25 26 26 27 30 30 31 31 31 31 32 32 33 37 39 39 40 42 45 45 45 47 47 47 47 49 49 49 51 53 56 59 62 62 63 67 68 69 70 71 72 75 76 76 76 78 78 80 82 83 84 85 87 88 89 89 89 34 89 91 91 92 93 94 94 96 96 96 97 98 98 98 99 99 100 100 89 
 Nastepna tablica
17 59 34 43 9 89 10 23 37 89 87 97 100 12 49 66 98 41 36 100 100 55 54 87 78 10 30 89 79 49 48 45 66 40 62 64 76 70 6 68 25 30 25 50 44 85 35 13 9 35 63 55 93 80 14 16 5 5 84 17 62 19 35 86 13 38 38 23 85 49 24 31 58 1 85 14 20 75 84 54 79 63 31 60 2 15 72 4 77 27 24 28 39 18 93 24 23 85 52 11 
 Nastepna tablica
1 2 4 5 5 6 9 9 10 10 11 12 13 13 14 14 15 16 17 17 18 19 20 23 23 23 24 24 24 25 25 27 28 30 30 31 31 34 35 35 35 36 37 38 38 39 40 41 43 44 45 48 49 49 49 50 52 54 54 55 55 58 59 60 62 62 63 63 64 66 66 68 70 72 75 76 77 78 79 79 80 84 84 85 85 85 85 86 87 87 89 89 89 93 93 97 98 100 100 100 
 Nastepna tablica
91 30 79 65 2 52 87 90 83 5 69 31 43 8 48 54 41 72 83 2 84 20 71 19 77 61 23 86 71 49 94 77 71 97 36 30 75 93 53 70 14 23 19 56 49 17 58 62 57 11 60 43 32 96 81 77 40 52 77 9 78 94 61 93 67 54 16 57 5 2 41 69 91 53 7 54 22 76 40 3 19 76 63 94 5 67 82 47 53 43 95 100 38 20 17 22 14 17 25 87 
 Nastepna tablica
2 2 2 3 5 5 5 7 8 9 11 14 14 16 17 17 17 19 19 19 20 20 22 22 23 23 25 30 30 31 32 36 38 40 40 41 41 43 43 43 47 48 49 49 52 52 53 53 53 54 54 54 56 57 57 58 60 61 61 62 63 65 67 67 69 69 70 71 71 71 72 75 76 76 77 77 77 77 78 79 81 82 83 83 84 86 87 87 90 91 91 93 93 94 94 94 95 96 97 100 
 Nastepna tablica
62 22 81 28 53 71 68 20 33 28 79 18 29 23 44 100 62 42 70 97 66 98 32 76 97 55 29 17 44 87 87 67 64 29 3 10 1 69 88 24 98 89 95 7 46 97 3 44 75 27 12 18 98 1 70 28 75 96 39 89 82 78 84 18 70 30 8 4 62 87 37 43 41 2 76 25 94 16 63 51 28 100 10 63 54 48 71 21 39 37 17 75 47 55 46 35 21 67 35 54 
 Nastepna tablica
1 1 2 3 3 4 7 8 10 10 12 16 17 17 18 18 18 20 21 21 22 23 24 25 27 28 28 28 28 29 29 29 30 32 33 35 35 37 37 39 39 41 42 43 44 44 44 46 46 47 48 51 53 54 54 55 55 62 62 62 63 63 64 67 67 68 69 70 70 70 71 71 75 75 75 76 76 78 79 81 82 84 87 87 87 88 89 89 94 95 96 97 66 97 97 98 98 98 100 100 
 Nastepna tablica
92 13 73 95 3 13 50 52 58 89 34 89 50 63 70 71 40 55 88 91 97 72 44 98 56 99 58 87 68 79 58 95 43 51 73 72 99 29 76 61 49 37 10 61 80 58 1 39 87 50 25 85 5 59 32 43 51 36 61 85 39 2 19 55 28 57 36 6 90 62 23 12 75 94 72 16 70 87 82 22 23 45 37 87 31 24 32 82 70 80 44 78 74 9 35 84 22 100 12 3 
 Nastepna tablica
1 2 3 3 5 6 9 10 12 12 13 13 16 19 22 22 23 23 24 25 28 29 31 32 32 34 35 36 36 37 37 39 39 40 43 43 44 44 45 49 50 50 50 51 51 52 55 55 56 57 58 58 58 58 59 61 61 61 62 63 68 70 70 70 71 72 72 72 73 73 74 75 76 78 79 80 80 82 82 84 85 85 87 87 87 87 88 89 89 90 91 92 94 95 95 97 98 99 99 100 
 Nastepna tablica
47 85 60 56 73 50 55 73 17 56 63 33 1 1 38 27 52 58 98 46 12 89 86 26 94 66 54 55 57 30 39 78 90 4 88 38 70 36 49 29 60 31 94 7 72 24 90 2 92 48 20 55 6 41 17 92 26 78 64 67 2 48 39 17 79 24 54 58 26 35 92 84 19 82 32 73 80 76 42 91 85 52 91 90 7 59 91 81 47 77 20 9 44 3 89 84 55 17 33 71 
 Nastepna tablica
1 1 2 2 3 4 6 7 7 9 12 17 17 17 17 19 20 20 24 24 26 26 26 27 29 30 31 32 33 33 35 36 38 38 39 39 41 42 44 46 47 47 48 48 49 50 52 52 54 54 55 55 55 55 56 56 57 58 58 59 60 60 63 64 66 67 70 71 72 73 73 73 76 77 78 78 79 80 81 82 84 84 85 85 86 88 89 89 90 90 90 91 91 91 92 92 92 94 94 98 
 Nastepna tablica
94 49 14 81 58 40 33 47 30 95 34 72 9 21 7 87 31 51 42 8 75 32 84 60 39 61 20 13 37 88 72 25 21 25 60 68 86 73 93 36 25 39 86 69 23 11 36 6 91 5 27 58 76 37 50 58 68 36 47 45 85 3 92 61 51 27 65 6 22 45 8 9 25 78 73 11 96 6 45 93 94 93 25 26 26 26 83 95 6 23 73 35 44 100 45 75 20 67 84 91 
 Nastepna tablica
3 5 6 6 6 6 7 8 8 9 9 11 11 13 14 20 20 21 21 22 23 23 25 25 25 25 25 26 26 26 27 27 30 31 32 33 34 35 36 36 36 37 37 39 39 40 42 44 45 45 45 45 47 47 49 50 51 51 58 58 58 60 60 61 61 65 67 68 68 69 72 72 73 73 73 75 75 76 78 81 83 84 84 85 86 86 87 88 91 91 92 93 93 93 94 94 95 95 96 100 
 Nastepna tablica
67 20 13 85 23 2 28 37 7 22 8 63 40 35 34 81 43 61 55 56 25 70 55 36 65 9 55 50 61 41 20 94 60 58 13 45 34 46 100 25 80 11 99 42 93 3 100 31 61 72 69 53 26 100 34 15 12 100 49 67 1 25 3 96 25 91 80 61 6 62 54 56 87 21 31 22 78 45 28 91 23 18 3 13 100 27 39 10 94 68 25 57 97 79 43 48 26 44 26 60 
 Nastepna tablica
1 2 3 3 3 6 7 8 9 10 11 12 13 13 13 15 18 20 20 21 22 22 23 23 25 25 25 25 25 26 26 26 27 28 28 31 31 34 34 34 35 36 37 39 40 41 42 43 43 44 45 45 46 48 49 50 53 54 55 55 55 56 56 57 58 60 60 61 61 61 61 62 63 65 67 67 68 69 70 72 78 79 80 80 81 85 87 91 91 93 94 94 96 97 99 100 100 100 100 100 
 Nastepna tablica
48 50 81 61 77 32 52 17 46 65 74 85 86 94 99 97 3 42 85 33 66 12 81 81 27 79 40 11 8 43 95 26 94 62 24 69 73 93 81 60 46 11 14 11 13 58 6 84 19 53 74 5 24 94 22 55 42 82 16 21 94 13 38 36 11 62 10 23 47 14 72 82 52 83 44 6 84 69 76 11 61 48 28 54 12 77 88 82 43 94 74 49 16 47 76 90 88 66 52 1 
 Nastepna tablica
1 3 5 6 6 8 10 11 11 11 11 11 12 12 13 13 14 14 16 16 17 19 21 22 23 24 24 26 27 28 32 33 36 38 40 42 42 43 43 44 46 46 47 47 48 48 49 50 52 52 52 53 54 55 58 60 61 61 62 62 65 66 66 69 69 72 73 74 74 74 76 76 77 77 79 81 81 81 81 82 82 82 83 84 84 85 85 86 88 88 90 93 94 94 94 94 94 95 97 99 
 Nastepna tablica
16 9 15 100 2 94 79 17 56 83 97 42 32 35 21 11 19 53 86 94 68 72 5 47 55 99 29 11 15 2 54 27 39 52 7 57 28 74 20 94 60 88 92 60 37 3 82 89 44 50 30 81 44 85 22 4 98 59 25 80 7 18 36 62 88 53 44 51 20 37 91 65 12 8 22 41 70 86 22 35 100 60 2 16 95 55 25 16 81 45 92 36 72 75 6 42 48 54 26 6 
 Nastepna tablica
2 2 2 3 4 5 6 7 7 8 9 11 11 12 15 15 16 16 16 17 18 19 20 20 21 22 22 22 25 25 27 28 29 30 32 35 35 36 36 37 37 39 41 42 42 44 44 44 45 47 48 50 51 52 53 53 54 54 26 6 55 55 56 57 59 60 60 60 62 65 68 70 72 72 74 75 79 80 81 81 82 83 85 86 86 88 88 89 91 92 92 94 94 94 95 97 98 99 100 100 
 Nastepna tablica
4 41 32 63 32 95 20 22 21 37 11 38 6 7 55 6 42 16 30 55 85 47 62 8 51 15 55 78 78 97 56 71 60 32 39 64 25 69 15 59 46 25 35 30 98 48 9 40 28 86 76 63 65 84 70 48 75 99 100 87 86 85 75 50 98 1 23 47 70 15 14 99 88 68 4 14 20 5 24 5 97 67 53 63 57 3 21 67 72 36 74 92 57 25 27 70 92 23 89 68 
 Nastepna tablica
1 3 4 4 5 5 6 6 7 8 9 11 14 14 15 15 15 16 20 20 21 21 22 23 23 24 25 25 25 27 28 30 30 32 32 32 35 36 37 38 39 40 41 42 46 47 47 48 48 50 51 53 55 55 55 56 57 57 59 60 62 63 63 63 64 65 67 67 68 68 69 70 70 70 71 72 74 75 75 76 78 78 84 85 85 86 86 87 88 89 92 92 95 97 97 98 98 99 99 100 
 Nastepna tablica
23 83 88 15 23 64 39 34 65 31 27 39 85 6 39 77 10 26 91 97 99 80 94 94 86 87 92 52 9 56 22 93 25 90 48 71 23 95 23 12 64 15 84 6 57 3 31 5 15 64 88 68 39 41 3 64 45 74 18 39 78 39 63 24 19 17 7 18 16 59 91 5 33 75 61 31 4 70 81 24 8 69 63 89 72 6 60 83 22 22 25 64 54 92 39 69 33 46 45 68 
 Nastepna tablica
3 3 4 5 5 6 6 6 7 8 9 10 12 15 15 15 16 17 18 18 19 22 22 22 23 23 23 23 24 24 25 25 26 27 31 31 31 33 33 34 39 39 39 39 39 39 39 41 45 45 46 48 52 54 56 57 59 60 61 63 63 64 64 64 64 64 65 68 68 69 69 70 71 72 74 75 77 78 80 81 83 83 84 85 86 87 88 88 89 90 91 91 92 92 93 94 94 95 97 99 
 Nastepna tablica
99 34 58 48 29 29 63 58 83 71 56 46 5 85 66 3 3 78 76 3 82 31 68 18 89 87 65 17 72 55 18 22 24 18 33 14 55 95 97 22 73 50 82 94 31 60 83 40 35 11 84 87 96 1 72 86 31 76 4 23 83 58 46 40 73 54 41 18 91 87 41 20 86 35 1 29 93 38 71 52 32 8 4 36 21 65 1 36 85 95 45 56 26 65 88 69 92 2 59 50 
 Nastepna tablica
1 1 1 2 3 3 3 4 4 5 8 11 14 17 18 18 18 18 20 21 22 22 23 24 26 29 29 29 31 31 31 32 33 34 35 35 36 36 38 40 40 41 41 45 46 46 48 50 50 52 54 55 55 56 56 58 58 58 59 60 63 65 65 65 66 68 69 71 71 72 72 73 73 76 76 78 82 82 83 83 83 84 85 85 86 86 87 87 87 88 89 91 92 93 94 95 95 96 97 99 
 Nastepna tablica
30 56 73 67 94 70 10 22 72 96 58 52 50 85 40 93 52 85 19 35 90 28 28 56 74 87 5 18 84 2 22 70 75 13 79 72 30 11 57 82 94 76 8 76 10 42 51 39 33 26 61 100 75 8 77 34 10 64 29 14 18 82 13 83 74 40 77 3 21 34 45 29 1 55 84 47 59 63 83 65 52 84 65 10 31 49 3 47 26 39 96 82 21 78 3 1 56 48 23 79 
 Nastepna tablica
1 1 2 3 3 5 8 10 10 10 11 13 13 14 18 18 19 21 21 22 22 23 26 26 28 28 29 29 30 30 33 34 34 35 39 39 40 40 42 45 47 48 50 51 52 52 55 56 56 56 57 58 59 61 63 64 65 10 31 49 3 47 67 70 70 72 72 73 74 74 75 75 76 8 76 77 77 78 79 79 82 82 82 83 83 65 52 84 84 84 85 85 87 90 93 94 94 96 96 100 
 Nastepna tablica
92 96 64 18 41 6 59 49 74 12 66 4 74 88 5 34 46 16 76 90 99 86 74 65 49 50 17 39 23 81 79 16 57 67 88 50 76 35 5 24 90 1 17 92 10 96 26 63 36 58 78 64 43 76 74 32 54 66 67 90 94 47 71 52 66 69 46 64 48 16 62 33 7 26 76 8 48 34 76 14 42 33 82 49 88 82 38 11 17 83 17 53 94 58 1 80 91 72 54 40 
 Nastepna tablica
1 1 4 5 5 6 7 8 10 11 12 14 16 16 16 17 17 17 17 18 23 24 26 26 32 33 33 34 34 35 36 38 39 40 41 42 43 46 46 47 48 48 49 49 49 50 50 52 53 54 54 57 58 58 59 62 63 64 64 64 65 66 66 66 67 67 69 71 72 74 74 74 74 76 76 76 76 76 78 79 80 81 82 82 83 86 88 88 88 90 90 90 91 92 92 94 94 96 96 99 
 Nastepna tablica
73 83 46 3 17 68 98 72 89 29 71 27 71 55 12 24 10 74 80 49 9 99 50 1 29 18 35 87 66 30 12 32 45 42 37 8 45 17 29 78 44 36 30 65 87 82 79 17 24 53 17 91 34 35 71 50 18 3 46 14 57 41 7 2 10 28 86 52 70 18 31 91 1 45 46 84 18 92 49 57 62 55 69 64 89 92 37 83 89 86 41 64 88 91 49 50 83 40 82 64 
 Nastepna tablica
1 1 2 3 3 7 8 9 10 10 12 12 14 17 17 17 17 18 18 18 18 24 24 28 29 29 29 30 30 31 32 34 35 35 36 37 37 40 41 41 42 44 45 45 45 46 46 46 49 49 49 50 50 50 52 53 55 55 57 57 62 64 64 64 65 66 68 69 70 71 27 71 71 72 73 74 78 79 80 82 82 83 83 83 84 86 86 87 87 88 89 89 89 91 91 91 92 92 98 99 
 Nastepna tablica
4 28 89 22 64 11 44 30 21 76 72 52 64 48 59 61 65 52 90 32 15 69 34 91 77 79 32 21 65 48 17 60 88 21 71 16 10 22 53 36 12 74 85 81 19 65 80 93 50 13 26 99 15 21 71 11 74 53 1 31 27 83 51 47 21 55 69 100 98 29 8 65 69 73 80 29 22 36 97 29 25 21 31 57 85 83 37 30 54 9 92 3 25 77 83 26 67 1 90 100 
 Nastepna tablica
1 1 3 4 8 9 10 11 11 12 13 15 15 16 17 19 21 21 21 21 21 21 22 22 22 25 25 26 26 27 28 29 29 29 30 30 31 31 32 32 34 36 36 37 44 47 48 48 50 51 52 52 53 53 54 55 57 59 60 61 64 64 65 65 65 65 67 69 69 69 71 71 72 73 74 74 76 77 77 79 80 80 81 83 83 83 85 85 88 89 90 90 91 92 93 97 98 99 100 100 
 Nastepna tablica
29 86 76 99 34 15 65 60 49 27 72 33 33 10 71 61 66 17 52 9 90 27 56 69 24 58 47 84 15 10 99 88 50 77 64 14 74 19 39 73 57 68 9 52 10 87 4 64 45 29 76 2 77 35 3 67 98 58 13 2 16 56 77 10 21 52 81 7 18 53 84 44 41 53 82 99 57 84 4 1 50 14 33 53 11 45 23 42 5 37 54 51 18 90 25 47 42 24 71 2 
 Nastepna tablica
1 2 2 2 3 4 5 7 10 11 13 14 16 18 18 21 23 24 25 29 33 35 37 41 42 42 44 45 47 50 51 52 53 53 53 54 56 57 58 47 58 67 71 76 77 77 81 82 84 15 10 84 84 86 76 90 98 99 34 15 65 60 49 27 72 33 33 10 71 61 66 17 52 9 90 27 56 69 24 99 88 50 77 64 14 74 19 39 73 57 68 9 52 10 87 4 64 45 29 99 
 Nastepna tablica
24 6 2 22 13 77 98 69 100 73 35 74 94 71 54 30 80 81 65 49 9 24 14 60 61 12 2 30 30 77 18 10 79 40 18 99 62 99 100 55 98 50 11 31 28 66 40 23 33 87 93 46 21 9 40 45 82 6 47 52 44 23 38 3 28 8 40 70 19 13 73 68 96 87 67 25 84 94 59 83 17 19 59 69 29 85 50 17 12 36 55 60 89 75 86 75 17 42 63 40 
 Nastepna tablica
2 2 3 6 6 8 9 9 10 11 12 12 13 13 14 17 17 17 18 18 19 19 21 22 23 23 24 24 25 28 28 29 30 30 30 31 33 35 36 38 40 40 40 40 40 42 44 45 46 47 49 50 50 52 54 55 55 59 59 60 60 61 63 65 66 67 68 69 69 70 71 73 73 74 75 75 77 77 79 80 81 82 83 84 85 86 87 87 89 93 94 94 96 98 98 99 62 99 100 100 
 Nastepna tablica
64 10 33 49 8 76 58 84 7 83 19 16 36 86 70 91 1 77 26 41 12 86 75 64 79 43 87 44 45 23 5 88 17 46 35 25 41 21 93 75 15 61 96 51 59 74 51 64 82 39 61 8 65 84 75 20 76 5 69 86 80 13 64 67 83 77 69 81 96 10 32 39 11 20 1 75 49 89 15 75 95 29 79 99 55 43 75 57 84 3 28 66 15 26 65 68 5 91 97 61 
 Nastepna tablica
1 5 7 8 10 12 15 16 17 19 21 23 25 26 33 35 36 39 41 41 43 44 45 46 49 51 51 58 59 61 61 8 64 64 64 65 70 74 75 75 75 49 76 77 79 82 83 84 84 75 20 76 5 69 86 86 86 80 13 64 67 83 77 69 81 87 88 89 15 75 91 93 95 29 79 96 96 10 32 39 11 20 1 99 55 43 75 57 84 3 28 66 15 26 65 68 5 91 97 61 
 Nastepna tablica
67 47 55 27 4 20 51 68 94 49 91 21 8 33 44 53 58 25 83 11 53 47 100 7 69 20 16 28 40 76 16 64 48 53 97 60 84 85 98 32 15 92 66 73 34 5 19 31 15 39 58 25 13 75 20 26 94 9 76 87 91 16 58 83 23 94 11 70 86 71 62 93 91 100 11 76 64 64 74 20 89 46 49 84 35 93 30 59 67 83 63 24 2 100 63 65 38 87 74 28 
 Nastepna tablica
2 4 5 7 8 9 11 11 11 15 15 16 16 19 20 20 20 21 23 24 25 27 28 28 30 31 32 33 34 35 38 39 40 44 46 47 47 48 49 49 51 53 53 53 55 58 58 25 13 59 60 62 63 63 64 64 64 65 66 67 67 68 69 70 71 73 74 74 75 20 26 76 76 76 83 83 83 84 84 85 86 87 87 89 91 91 16 58 91 92 93 93 94 94 94 97 98 100 100 100 
 Nastepna tablica
18 34 71 99 30 43 49 81 34 25 47 98 8 20 57 79 72 76 72 1 59 84 7 32 1 6 67 15 3 1 8 10 9 63 85 59 69 36 57 49 56 42 79 30 97 19 31 7 51 24 91 73 6 35 65 70 57 55 81 96 90 46 61 38 90 76 67 5 7 75 35 12 59 30 14 42 39 81 82 75 48 9 38 50 100 44 77 11 17 28 86 61 25 92 67 69 41 27 86 24 
 Nastepna tablica
1 1 3 5 6 6 7 7 7 8 8 9 9 10 11 12 14 15 17 18 19 20 24 24 25 25 27 28 30 30 30 31 32 1 34 34 35 35 36 38 38 39 41 42 42 43 44 46 47 48 49 49 50 51 55 56 57 57 57 59 59 59 61 61 63 65 67 67 67 69 69 70 71 72 72 73 75 75 76 76 77 79 79 81 81 81 82 84 85 86 86 90 90 91 92 96 97 98 99 100 
 Nastepna tablica
68 76 99 77 42 1 35 50 78 64 1 64 80 99 67 33 34 63 3 98 73 71 62 90 6 14 44 6 23 66 14 96 72 67 85 93 58 39 24 25 23 35 99 26 45 94 32 14 59 32 90 16 30 66 97 14 85 76 34 86 35 79 91 90 72 28 16 47 62 20 3 100 9 49 45 24 85 62 58 40 20 35 3 25 35 55 10 62 44 21 59 28 25 12 92 2 7 51 69 36 
 Nastepna tablica
1 1 2 3 3 3 6 6 7 9 10 12 14 14 14 14 16 16 20 20 21 23 23 24 24 25 25 25 26 28 28 30 32 32 33 34 34 35 35 35 35 35 36 39 40 42 44 44 45 45 47 49 50 51 55 58 58 59 59 62 62 62 62 63 64 64 66 66 67 67 68 69 71 72 72 73 76 76 77 78 79 80 85 85 85 86 90 90 90 91 92 93 94 96 97 98 99 99 99 100 
 Nastepna tablica
62 56 61 59 64 76 55 91 20 67 41 51 60 40 31 88 84 52 31 13 61 43 99 50 22 83 67 48 86 80 40 95 38 60 94 81 80 99 69 70 13 41 13 76 79 67 12 82 14 100 18 75 75 85 20 84 25 71 98 35 40 7 13 69 19 6 61 2 10 18 78 78 8 49 42 3 9 48 70 18 75 7 36 46 87 3 73 31 86 88 70 31 97 72 56 41 44 35 100 79 
 Nastepna tablica
2 3 3 6 7 7 8 9 10 12 13 13 13 13 14 18 18 18 19 20 20 22 25 31 31 31 31 35 35 36 38 40 40 40 41 41 41 42 43 44 46 48 48 49 50 51 52 55 56 56 59 60 60 61 61 61 62 64 67 67 67 69 69 70 70 70 71 72 73 75 75 75 76 76 78 78 79 79 80 80 81 82 83 84 84 85 86 86 87 88 88 91 94 95 97 98 99 99 100 100 
 Nastepna tablica
69 81 96 70 25 49 99 43 43 32 55 85 62 81 21 80 23 5 97 39 30 82 75 25 13 100 92 36 29 24 77 32 34 88 17 47 65 6 93 97 32 81 29 78 80 62 45 53 42 47 49 87 28 61 36 97 41 93 95 22 3 43 33 32 72 51 62 45 71 13 100 57 60 76 46 34 47 90 79 38 93 34 73 72 64 69 87 18 92 8 27 2 73 34 76 76 83 67 35 75 
 Nastepna tablica
2 3 5 6 8 13 13 17 18 21 22 23 24 25 25 27 28 29 29 30 32 32 32 32 33 34 34 34 35 36 36 38 39 41 42 43 43 43 45 45 46 47 47 47 49 49 51 53 55 57 60 61 62 62 62 64 65 67 69 69 70 71 72 72 73 73 75 75 76 76 76 77 78 80 80 81 81 81 82 83 85 87 87 88 90 79 92 92 93 93 93 34 95 96 97 97 97 99 100 100 
 Nastepna tablica
63 60 68 5 4 82 76 60 26 69 69 27 90 16 69 89 98 82 22 49 6 50 5 25 23 63 86 55 27 46 91 25 10 9 49 84 67 74 43 77 90 3 29 67 40 66 84 47 71 40 78 9 52 34 28 10 50 4 10 46 61 81 44 88 23 15 94 56 49 11 29 73 57 96 76 3 79 1 91 26 98 51 63 7 61 63 18 86 93 92 2 53 32 17 56 64 90 33 29 42 
 Nastepna tablica
1 2 3 3 4 4 5 5 6 7 9 9 10 10 10 11 15 16 17 18 22 23 23 25 25 26 26 27 27 28 29 29 29 32 33 34 40 42 43 44 46 46 47 49 49 49 50 50 51 52 53 55 56 56 57 60 60 61 61 63 63 63 63 64 66 67 67 68 69 69 69 71 40 73 74 76 76 77 78 79 81 82 82 84 84 86 86 88 89 90 90 90 91 91 92 93 94 96 98 98 
 Nastepna tablica
43 39 28 47 25 80 61 98 4 55 47 13 75 19 81 78 25 55 17 20 40 26 16 3 52 12 76 29 48 53 12 21 40 81 94 40 2 91 78 41 6 10 94 36 11 49 79 11 28 9 19 57 20 8 9 44 94 72 76 97 75 62 40 98 56 8 61 95 7 30 49 11 5 32 28 65 21 11 38 22 19 37 2 13 76 37 44 22 25 19 44 91 62 80 44 96 4 14 22 1 
 Nastepna tablica
1 2 2 3 4 4 5 6 7 8 8 9 9 10 11 11 11 11 12 12 13 13 14 16 17 19 19 19 19 20 20 21 21 22 22 22 25 25 25 26 28 28 28 29 30 32 36 37 37 38 39 40 40 40 40 41 43 44 44 44 44 47 47 48 49 49 52 53 55 55 56 57 61 61 62 62 65 72 75 75 76 76 76 78 78 79 80 80 81 81 91 91 94 94 94 95 96 97 98 98 
 Nastepna tablica
4 59 7 13 18 35 67 41 70 74 43 14 10 38 2 11 60 77 51 98 73 27 23 41 10 59 98 100 54 34 52 17 69 44 48 39 20 13 13 51 64 75 48 51 67 26 73 84 72 92 64 31 63 51 10 83 33 15 36 53 13 56 17 80 91 47 44 8 47 16 56 48 25 45 41 55 92 28 21 67 21 10 21 99 46 91 54 63 58 100 3 84 38 84 31 66 33 66 99 96 
 Nastepna tablica
2 3 4 7 8 10 10 10 10 11 13 13 13 13 14 15 16 17 17 18 20 21 21 21 23 25 26 27 28 31 31 33 33 34 35 36 38 39 41 41 41 43 44 44 45 46 47 47 48 48 48 51 51 51 51 52 53 54 54 55 56 56 58 59 59 60 63 63 64 64 66 66 67 67 67 69 70 72 73 73 74 75 77 80 83 84 84 38 84 91 91 92 92 96 98 98 99 99 100 100 
 Nastepna tablica
100 67 70 67 16 15 20 31 44 89 72 9 94 95 28 74 2 66 56 98 85 94 43 85 91 2 99 54 39 92 88 1 5 46 51 78 78 55 11 86 79 99 72 93 92 72 62 17 39 46 39 14 31 14 72 67 23 11 9 36 65 20 57 12 53 9 49 93 34 92 51 74 14 3 54 16 57 35 70 12 94 46 78 79 55 70 42 35 82 93 37 78 44 76 20 80 57 64 31 1 
 Nastepna tablica
1 1 2 2 3 5 9 9 9 11 11 12 12 14 14 14 15 16 16 17 20 20 20 23 28 31 31 31 34 35 35 36 37 39 39 39 42 43 44 44 46 46 46 49 51 51 53 54 54 55 55 56 57 57 57 62 64 65 66 67 67 67 70 70 70 72 72 72 72 74 74 76 78 78 78 78 79 79 80 82 85 85 86 88 89 91 92 92 92 93 93 93 94 94 94 95 98 99 99 100 
 Nastepna tablica
12 89 8 79 92 57 37 46 79 41 70 70 30 66 68 65 62 43 40 48 9 81 47 13 87 83 61 39 99 3 84 62 93 44 54 74 22 2 95 54 26 83 44 23 8 86 90 87 98 78 24 59 75 55 18 92 51 33 2 85 18 98 85 43 96 80 1 23 34 92 18 24 8 15 85 61 79 71 12 65 93 17 88 43 45 48 55 96 35 14 2 71 14 69 94 53 53 61 92 45 
 Nastepna tablica
1 2 2 2 3 8 8 8 9 12 12 13 14 14 15 17 18 18 18 22 23 23 24 24 26 30 33 34 35 37 39 40 41 43 43 43 44 44 45 45 46 47 48 48 51 53 53 54 54 55 55 57 59 61 61 61 62 62 65 65 66 68 69 70 70 71 71 74 75 78 79 79 79 80 81 83 83 84 85 85 85 86 87 87 88 89 90 92 92 92 92 93 93 94 95 96 96 98 98 99 
 Nastepna tablica
94 32 51 81 15 95 85 33 59 31 22 28 19 38 96 1 45 34 78 56 51 14 52 41 84 21 91 7 44 43 45 21 26 75 26 53 51 73 4 10 92 63 60 48 90 47 82 89 97 79 63 2 59 21 85 26 51 4 11 62 90 51 10 50 12 92 63 43 58 7 77 86 51 44 53 32 4 54 85 86 16 90 38 43 92 87 33 50 36 23 75 50 58 75 44 93 70 98 97 32 
 Nastepna tablica
1 2 4 4 7 10 10 11 12 14 15 19 21 21 22 26 26 26 28 31 32 32 4 33 34 36 23 38 41 43 43 44 45 45 21 47 48 50 51 51 51 51 51 51 52 53 53 54 56 58 59 59 60 62 63 63 63 73 75 75 50 58 75 44 77 78 79 81 82 84 85 85 85 86 86 16 89 90 90 90 38 43 91 7 44 92 92 92 87 33 50 93 70 94 95 96 97 98 97 32 
 Nastepna tablica
30 80 69 17 67 32 83 33 33 62 8 64 15 94 82 94 97 65 100 99 17 59 56 6 61 4 70 1 72 95 22 36 34 75 89 44 68 68 48 74 59 11 64 88 97 65 64 43 99 37 25 75 4 46 80 42 21 58 86 79 20 98 12 82 87 46 43 35 11 13 36 88 48 36 97 74 30 94 73 88 100 20 86 74 1 34 27 12 8 26 86 95 48 38 100 70 44 72 7 49 
 Nastepna tablica
1 1 4 4 6 7 8 8 11 11 12 12 13 15 17 17 20 20 21 22 25 26 27 30 30 32 33 33 34 34 35 36 36 36 37 38 42 43 43 44 44 46 46 48 48 48 49 56 58 59 59 61 62 64 64 64 65 65 67 68 68 69 70 70 72 72 73 74 74 74 75 75 79 80 80 82 83 86 86 86 87 88 88 88 89 94 82 94 94 95 95 97 97 97 98 99 99 100 100 100 
 Nastepna tablica
11 70 53 46 39 43 59 34 11 53 14 98 50 63 61 17 70 17 31 73 2 58 39 100 47 97 70 41 77 37 99 35 84 26 58 29 85 67 33 66 95 30 14 84 73 12 67 47 73 77 10 60 25 76 85 42 38 38 89 75 35 85 33 96 67 23 98 25 80 8 44 97 66 29 88 32 39 49 88 34 97 9 38 14 83 58 28 59 4 37 51 27 8 64 99 33 63 12 38 61 
 Nastepna tablica
2 4 8 8 9 10 11 11 12 12 14 14 14 17 17 23 25 25 26 27 28 29 29 30 31 32 33 33 33 34 34 35 35 37 37 38 38 38 38 39 39 39 41 42 43 44 46 47 47 49 50 51 53 53 58 58 58 59 59 60 61 61 63 63 64 66 66 67 67 67 70 70 70 73 73 73 75 76 77 77 80 83 84 84 85 85 85 88 88 89 95 96 97 97 97 98 98 99 99 100 
 Nastepna tablica
71 99 17 41 72 38 67 98 98 85 47 35 91 89 5 50 88 58 48 8 21 90 98 94 70 86 19 29 68 93 30 38 7 38 46 70 54 89 72 51 78 95 70 100 66 13 91 22 98 23 88 44 61 6 91 79 37 60 53 65 74 54 14 31 54 58 63 82 47 2 43 31 49 61 51 1 94 53 30 94 19 64 1 73 25 43 14 91 68 96 67 77 34 59 13 25 55 87 38 62 
 Nastepna tablica
1 1 2 5 6 7 8 13 13 14 14 17 19 19 21 22 23 25 25 29 30 30 31 31 34 35 37 38 38 38 38 41 43 43 44 46 47 47 48 49 50 51 51 53 53 54 54 54 55 58 58 59 60 61 61 62 63 64 65 66 67 67 68 68 70 70 70 71 72 72 73 74 77 78 79 82 85 86 87 88 88 89 89 90 91 91 91 91 93 94 94 94 95 96 98 98 98 98 99 100 
 Nastepna tablica
48 9 72 49 61 22 23 38 8 37 5 35 98 99 7 59 72 42 2 82 3 35 24 20 95 24 41 43 30 90 73 89 83 59 70 62 41 86 86 61 70 69 87 89 96 3 94 95 94 27 13 43 58 86 95 47 66 13 28 82 12 25 46 64 6 82 71 97 98 61 44 53 2 5 1 75 84 88 22 61 8 3 53 38 30 87 53 97 17 42 91 82 12 21 31 46 33 59 93 59 
 Nastepna tablica
1 2 2 3 3 3 5 5 6 7 8 8 9 12 12 13 13 17 20 21 22 22 23 24 24 25 27 28 30 30 31 33 35 35 37 38 38 41 41 42 42 43 43 44 46 46 47 48 49 53 53 53 58 59 59 59 59 61 61 61 61 62 64 66 69 70 70 71 72 72 73 75 82 82 82 82 83 84 86 86 86 87 87 88 89 89 90 91 93 94 94 95 95 95 96 97 97 98 98 99 
 Nastepna tablica
79 51 72 80 92 85 59 50 78 62 54 24 25 56 51 77 90 12 6 35 83 71 2 18 50 3 77 85 70 19 41 88 16 96 47 2 83 93 57 81 38 69 87 17 21 60 23 37 90 63 34 48 53 12 52 46 95 98 35 53 59 4 7 3 81 32 49 5 15 2 46 73 73 49 25 55 97 29 37 41 27 78 52 17 17 94 51 91 58 93 91 83 32 44 35 28 27 95 30 26 
 Nastepna tablica
2 2 2 3 3 4 5 6 7 12 12 15 16 17 17 17 18 19 21 23 24 25 25 26 27 27 28 29 30 32 32 34 35 35 35 37 37 38 41 41 44 46 46 47 48 49 49 50 50 51 51 51 52 52 53 53 54 55 56 57 58 59 59 60 62 63 69 70 71 72 73 73 77 77 78 78 79 80 81 81 83 83 83 85 85 87 88 90 90 91 91 92 93 93 94 95 95 96 97 98 
 Nastepna tablica
92 26 31 42 30 11 40 83 16 69 81 15 8 60 77 78 26 23 97 89 27 14 35 95 47 14 56 28 17 53 42 100 79 2 69 39 6 89 40 100 70 27 94 27 53 41 34 22 56 93 71 79 71 80 28 68 30 37 87 75 59 43 9 80 99 11 34 28 7 92 36 31 12 71 73 22 90 88 44 69 48 10 13 78 37 47 98 71 96 55 100 16 6 27 90 49 72 19 58 11 
 Nastepna tablica
2 6 6 7 8 9 10 11 11 11 12 13 14 14 15 16 16 17 19 22 22 23 26 26 27 27 27 27 28 28 28 30 30 31 31 34 34 35 36 37 37 39 40 40 41 42 42 43 44 47 47 48 49 53 53 55 56 56 58 59 60 68 69 69 69 70 71 71 71 71 72 73 75 77 78 78 79 79 80 80 81 83 87 88 89 89 90 90 92 92 93 94 95 96 97 98 99 100 100 100 
 Nastepna tablica
19 21 42 24 57 12 30 15 64 35 70 60 1 64 43 74 13 99 81 63 58 91 19 36 89 38 14 73 47 40 91 97 6 46 44 82 13 52 65 32 94 13 11 27 43 93 72 98 3 24 8 97 55 81 88 99 17 9 81 80 67 37 67 37 6 69 95 70 52 34 33 34 77 86 98 25 35 87 29 86 88 38 57 12 55 81 34 4 44 34 59 91 36 54 12 20 73 88 19 39 
 Nastepna tablica
1 3 4 6 6 8 9 11 12 12 12 13 13 13 14 15 17 19 19 19 20 21 24 24 25 27 29 30 32 34 33 34 34 34 35 35 36 36 37 38 38 39 40 42 43 43 44 44 46 47 52 52 54 55 55 57 57 58 59 60 63 64 64 65 67 37 67 69 70 70 72 73 73 74 77 80 81 81 81 81 82 86 86 87 88 88 88 89 91 91 91 93 94 95 97 97 98 98 99 99 
 Nastepna tablica
7 54 40 95 92 82 4 35 91 13 31 83 91 25 66 41 54 27 11 27 68 43 88 46 18 86 64 45 7 73 75 2 69 56 80 27 91 30 69 61 94 23 12 41 17 65 48 72 13 35 85 17 68 31 43 76 78 43 87 86 14 18 97 90 63 33 30 50 6 24 69 30 49 53 92 51 12 42 19 52 47 9 81 98 65 90 1 74 67 52 31 19 48 89 15 32 4 27 26 91 
 Nastepna tablica
1 2 4 4 6 7 7 9 11 12 12 13 13 14 15 17 17 18 18 19 19 23 24 25 26 27 27 27 27 30 30 30 31 31 31 32 33 35 35 40 41 41 42 43 43 43 45 46 47 48 48 49 50 51 52 52 53 54 54 56 61 63 64 65 65 66 67 68 68 69 69 69 72 73 74 75 76 78 80 81 82 83 85 86 86 87 88 89 90 90 91 91 91 91 92 92 94 95 97 98 
 Nastepna tablica
18 89 84 94 62 19 17 82 38 1 62 86 73 30 75 33 90 11 46 51 38 85 31 65 76 49 34 7 36 27 52 50 46 17 97 62 96 85 13 38 31 88 35 33 66 64 94 95 23 88 94 80 2 66 38 20 7 26 26 56 31 41 79 36 58 1 30 70 76 35 29 2 6 80 92 78 94 92 56 95 53 76 1 89 31 35 97 83 28 48 34 11 94 26 68 97 67 27 69 37 
 Nastepna tablica
1 1 1 2 2 6 7 7 11 11 13 17 17 18 19 20 23 26 26 26 27 27 28 29 30 30 31 31 31 31 33 33 34 34 35 35 35 36 36 37 38 38 38 38 41 46 46 48 49 50 51 52 53 56 56 58 62 62 62 64 65 66 66 67 68 69 70 73 75 76 76 76 78 79 80 80 82 83 84 85 85 86 88 88 89 89 90 92 92 94 94 94 94 94 95 95 96 97 97 97 
 Nastepna tablica
56 97 65 94 91 22 30 64 57 11 27 18 14 99 22 97 93 13 68 63 39 7 36 23 16 16 64 24 28 21 7 48 87 51 9 43 58 56 45 24 48 31 64 91 85 45 87 80 85 2 99 43 84 95 50 5 25 69 97 46 41 33 7 38 74 26 37 53 23 24 4 14 22 50 75 15 23 66 58 71 98 23 21 12 20 4 25 92 70 15 19 34 23 53 35 72 27 96 72 99 
 Nastepna tablica
2 7 7 9 11 13 14 15 16 16 18 21 22 22 23 23 24 24 27 28 30 31 36 39 43 45 45 48 48 51 56 56 57 58 63 64 64 64 65 66 58 68 71 80 85 85 87 87 91 91 93 94 97 97 98 23 21 12 20 4 25 92 70 15 19 34 23 53 35 72 27 96 72 99 99 43 84 95 50 5 25 69 97 46 41 33 7 38 74 26 37 53 23 24 4 14 22 50 75 99 
 Nastepna tablica
83 33 13 49 27 74 87 30 30 83 36 62 16 45 59 34 14 90 53 45 66 44 36 33 61 32 25 2 77 90 32 66 42 54 10 33 75 33 50 19 53 46 24 68 56 82 18 80 79 10 90 11 21 87 70 94 59 54 82 71 16 49 15 45 18 29 4 28 39 66 62 3 16 40 96 94 89 4 56 94 1 50 31 99 4 59 34 10 66 2 14 80 5 95 73 69 41 25 43 87 
 Nastepna tablica
1 2 2 3 4 4 4 5 10 10 10 11 13 14 14 15 16 16 16 18 18 19 21 24 25 25 27 28 29 30 30 31 32 32 33 33 33 33 34 34 36 36 39 40 41 42 43 44 45 45 45 46 49 49 50 50 53 53 54 54 56 56 59 59 59 61 62 62 66 66 66 66 68 69 70 71 73 74 75 77 79 80 80 82 82 83 83 87 87 87 89 90 90 90 94 94 94 95 96 99 
 Nastepna tablica
19 97 12 45 56 49 94 4 87 89 21 97 86 63 41 9 13 26 24 49 36 26 1 88 91 38 48 9 18 46 43 53 9 98 40 50 20 54 100 49 83 3 15 81 46 70 21 60 43 35 24 50 44 41 55 7 86 97 99 46 2 28 23 28 67 24 6 61 100 1 92 73 100 92 20 77 71 21 8 65 11 50 38 93 35 27 27 15 67 75 5 100 56 39 73 100 44 13 25 63 
 Nastepna tablica
1 1 2 3 4 5 6 7 8 9 9 9 11 12 13 13 15 15 18 19 20 20 21 21 21 23 24 24 24 25 26 26 27 27 28 28 35 35 36 38 38 39 40 41 41 43 43 44 44 45 46 46 46 48 49 49 49 50 50 50 53 54 55 56 56 60 61 63 63 65 67 67 70 71 73 73 75 77 81 83 86 86 87 88 89 91 92 92 93 94 97 97 97 98 99 100 100 100 100 100 
 Nastepna tablica
69 72 58 13 62 18 46 30 31 2 77 27 3 47 21 36 3 96 70 6 64 94 31 98 20 11 83 86 21 52 95 48 74 78 88 61 50 92 47 20 42 92 39 75 26 54 18 40 87 93 44 32 80 57 97 77 50 76 50 26 36 42 70 15 75 62 72 64 7 74 39 34 26 42 37 24 53 47 25 8 67 96 73 74 100 80 43 44 75 99 38 15 28 65 23 4 45 38 8 63 
 Nastepna tablica
2 3 3 4 6 7 8 8 11 13 15 15 18 18 20 20 21 21 23 24 25 26 26 26 27 28 30 31 31 32 34 36 36 37 38 38 39 39 40 42 42 42 43 44 44 45 46 47 47 47 48 50 50 50 52 53 54 57 58 61 62 62 63 64 64 65 67 69 70 70 72 72 73 74 74 74 75 75 75 76 77 77 78 80 80 83 86 87 88 92 92 93 94 95 96 96 97 98 99 100 
 Nastepna tablica
73 72 20 68 89 98 92 51 18 87 90 50 40 14 89 32 14 95 56 16 74 10 82 73 58 90 45 97 67 77 90 89 48 78 41 27 46 7 88 55 15 12 17 50 77 87 91 33 1 86 86 16 31 38 56 14 88 97 50 79 33 23 55 95 61 32 5 55 90 13 17 57 100 79 93 1 95 60 81 25 38 85 95 77 47 44 30 36 69 87 36 17 51 16 6 29 67 22 73 67 
 Nastepna tablica
1 1 5 6 7 10 12 13 14 14 14 15 16 16 16 17 17 17 18 20 22 23 25 27 29 30 31 32 32 33 33 36 36 38 38 40 41 44 45 46 47 48 50 50 50 51 51 55 55 55 56 56 57 58 60 61 67 67 67 68 69 72 73 73 73 74 77 77 77 78 79 79 81 82 85 86 86 87 87 87 88 88 89 89 89 90 90 90 90 91 92 93 95 95 95 95 97 97 98 100 
 Nastepna tablica
92 28 35 41 92 29 96 67 20 67 65 18 95 4 36 3 33 22 85 31 17 2 89 41 6 60 53 90 51 20 89 92 68 60 73 6 35 12 20 55 30 86 88 73 70 39 45 37 9 98 1 52 9 8 47 31 25 63 38 38 28 47 49 61 46 53 65 85 37 2 78 78 73 83 57 81 59 35 45 67 44 62 93 2 48 47 34 36 85 25 42 26 34 5 4 79 67 47 9 93 
 Nastepna tablica
1 2 2 2 3 4 4 5 6 6 8 9 9 9 12 17 18 20 20 22 25 25 26 28 28 29 30 31 31 33 34 34 35 35 35 36 36 37 37 38 38 39 41 41 42 44 45 45 46 47 47 47 47 48 49 51 52 53 53 55 57 59 60 60 61 62 63 65 65 67 20 67 67 67 68 70 73 73 73 78 78 79 81 83 85 85 85 86 88 89 89 90 92 92 92 93 93 95 96 98 
 Nastepna tablica
66 49 73 91 79 96 94 52 13 86 50 54 81 40 19 82 2 81 96 16 1 18 49 26 9 11 91 62 78 50 13 43 87 23 95 87 22 96 45 90 84 33 54 30 76 87 65 44 32 84 63 66 5 42 79 37 82 34 3 29 12 98 19 99 24 7 82 69 89 15 35 56 16 37 42 38 66 90 92 35 25 82 21 27 69 66 87 48 44 56 46 8 71 32 70 51 63 64 96 14 
 Nastepna tablica
1 2 3 5 7 8 9 11 12 13 13 14 15 16 16 18 19 19 21 22 23 24 25 26 27 29 30 32 32 33 34 35 35 37 37 38 40 42 42 43 44 44 45 46 48 49 49 50 50 51 52 54 54 56 56 62 63 63 64 65 66 66 66 66 69 69 70 71 73 76 78 79 79 81 81 82 82 82 82 84 84 86 87 87 87 87 89 90 90 91 91 92 94 95 96 96 96 96 98 99 
 Nastepna tablica
77 20 88 34 82 36 50 27 62 39 32 24 33 82 72 78 50 88 35 71 15 75 84 4 77 86 49 50 86 80 51 70 61 45 32 63 49 56 34 17 88 85 81 2 100 72 41 72 11 41 17 77 12 5 35 57 58 98 5 66 68 82 79 96 93 53 63 12 13 100 5 7 12 48 11 22 67 24 3 4 92 22 34 58 41 44 1 86 57 34 94 96 14 50 70 21 73 8 84 100 
 Nastepna tablica
1 2 4 5 5 5 7 8 11 11 12 12 12 13 14 17 17 21 22 32 34 34 34 35 41 41 41 44 45 48 49 50 50 51 53 56 57 57 58 58 61 63 63 66 67 24 3 68 70 70 72 72 73 77 20 77 79 80 81 82 72 78 50 82 84 85 86 49 86 86 88 34 82 36 50 27 62 39 32 24 33 88 35 71 15 75 84 4 77 88 92 22 93 94 96 96 98 100 100 100 
 Nastepna tablica
62 87 56 65 15 44 25 60 1 26 92 43 18 62 54 67 77 35 72 80 57 64 40 91 23 80 62 52 78 6 64 44 17 91 8 72 56 57 68 43 35 14 54 28 84 20 48 48 49 74 54 39 25 50 34 96 55 16 81 66 27 76 11 11 58 27 91 44 72 4 84 63 56 40 94 13 34 26 94 96 19 69 79 66 34 94 10 46 30 50 41 18 21 44 1 98 91 99 29 40 
 Nastepna tablica
1 1 4 6 8 10 11 11 13 14 15 16 17 18 18 19 20 21 23 25 25 26 26 27 27 28 29 30 34 34 34 35 35 39 40 40 40 41 43 43 44 44 44 44 46 48 48 49 50 50 52 54 54 54 55 56 56 56 57 57 58 60 62 62 62 63 64 64 65 66 66 67 68 69 72 72 72 74 76 77 78 79 80 80 81 84 84 87 91 91 91 91 92 94 94 94 96 96 98 99 
 Nastepna tablica
42 63 21 1 52 36 100 83 25 7 34 4 10 48 61 41 6 91 66 98 1 91 75 1 3 3 82 57 54 87 32 93 94 15 98 25 35 54 84 72 56 86 53 83 71 83 35 85 40 5 71 36 11 97 66 82 29 45 69 95 10 27 58 79 64 40 69 30 50 27 6 84 71 57 99 74 81 98 88 58 13 96 33 99 1 73 24 71 99 63 15 81 52 63 92 8 69 83 92 1 
 Nastepna tablica
1 1 1 1 1 3 3 4 5 6 6 7 8 10 10 11 13 15 15 21 24 25 25 27 27 29 30 32 33 34 35 35 36 36 40 40 41 42 45 48 50 52 52 53 54 54 56 57 57 58 58 61 63 63 63 64 66 66 69 69 69 71 71 71 71 72 73 74 75 79 81 81 82 82 83 83 83 83 84 84 85 86 87 88 91 91 92 92 93 94 95 96 97 98 98 98 99 99 99 100 
 Nastepna tablica
32 65 81 62 26 43 28 36 12 33 97 95 44 27 27 83 69 76 71 81 58 75 77 70 66 95 34 7 36 86 96 14 13 2 46 95 22 100 31 58 100 8 54 37 33 57 99 9 13 76 52 70 97 7 12 11 70 68 72 66 37 59 77 67 54 48 89 75 38 48 1 80 6 27 43 67 93 11 99 57 57 95 35 34 16 45 19 7 72 76 46 58 21 77 35 19 74 65 50 69 
 Nastepna tablica
1 2 6 7 7 7 8 9 11 11 12 12 13 13 14 16 19 19 21 22 26 27 27 27 28 31 32 33 33 34 34 35 35 36 36 37 37 38 43 43 44 45 46 46 48 48 50 52 54 54 57 57 57 58 58 58 59 62 65 65 66 66 67 67 68 69 69 70 70 70 71 72 72 74 75 75 76 76 76 77 77 77 80 81 81 83 86 89 93 95 95 95 95 96 97 97 99 99 100 100 
 Nastepna tablica
99 75 3 69 89 11 27 74 78 46 44 26 19 31 36 44 96 43 61 23 43 28 83 58 51 79 41 16 25 63 93 17 71 34 3 18 1 26 63 90 22 54 90 45 45 74 26 45 91 20 5 11 51 21 97 51 99 7 68 31 16 68 97 69 5 75 5 6 55 57 24 18 5 87 29 30 46 87 63 89 76 92 92 46 56 25 22 60 49 64 60 23 86 87 32 78 54 51 15 42 
 Nastepna tablica
1 3 3 5 5 5 5 6 7 11 11 15 16 16 17 18 18 19 20 21 22 22 23 23 24 25 25 26 26 26 27 28 29 30 31 31 32 34 36 41 42 43 43 44 44 45 45 45 46 46 46 49 51 51 51 51 54 54 55 56 57 58 60 60 61 63 63 63 64 68 68 69 69 71 74 74 75 75 76 78 78 79 83 86 87 87 87 89 89 90 90 91 92 92 93 96 97 97 99 99 
 Nastepna tablica
94 69 36 2 50 38 20 20 55 53 25 67 60 10 30 64 47 34 42 18 98 22 29 13 3 11 48 11 56 11 43 85 86 44 79 63 25 89 33 15 39 6 9 47 37 24 95 22 43 86 35 32 53 49 27 44 96 46 21 1 94 1 34 56 32 48 19 93 42 61 30 68 90 57 99 70 10 81 2 4 88 71 56 47 67 49 70 85 19 47 13 95 24 38 72 35 55 92 10 59 
 Nastepna tablica
1 1 2 2 3 4 6 9 10 10 10 11 11 11 13 13 15 18 19 19 20 20 21 22 22 24 24 25 25 27 29 30 30 32 32 33 34 34 35 35 36 37 38 38 39 42 42 43 43 44 44 46 47 47 47 47 48 48 49 49 50 53 53 55 55 56 56 56 57 59 60 61 63 64 67 67 68 69 70 70 71 72 79 81 85 85 86 86 88 89 90 92 93 94 94 95 95 96 98 99 
 Nastepna tablica
94 7 52 95 61 70 30 16 60 29 37 81 22 92 20 51 35 54 49 23 27 18 35 43 87 35 9 21 79 72 90 2 16 73 70 95 34 89 28 40 82 12 18 50 82 100 24 71 33 32 89 11 97 79 54 69 62 3 1 39 85 63 85 2 56 81 98 65 56 42 67 39 44 11 70 99 64 1 56 76 81 47 18 53 39 30 23 42 77 53 39 72 16 95 7 82 38 74 14 88 
 Nastepna tablica
1 1 2 2 3 7 7 9 11 11 12 14 16 16 16 18 18 18 20 21 22 23 23 24 27 28 29 30 30 32 33 34 35 35 35 37 38 39 39 39 39 40 42 42 43 44 47 49 50 51 52 53 53 54 54 56 56 56 60 61 62 64 65 67 69 70 70 70 71 72 72 73 74 76 77 79 79 81 81 81 82 82 82 85 63 85 87 88 89 89 90 92 94 95 95 95 97 98 99 100 
 Nastepna tablica
96 73 12 48 98 68 53 71 90 78 20 41 44 99 36 44 20 24 82 2 36 95 84 61 80 43 54 38 35 36 36 5 20 38 11 44 37 92 63 2 50 63 7 83 97 16 43 73 72 91 91 60 92 72 68 1 73 63 13 7 95 10 82 84 91 82 99 47 100 59 67 85 23 72 31 25 29 95 10 51 20 16 93 5 37 92 95 49 28 63 87 33 8 10 8 12 65 23 2 12 
 Nastepna tablica
1 2 2 2 5 5 7 7 8 8 10 10 10 11 12 12 12 13 16 16 20 20 20 20 23 23 24 25 28 29 31 33 35 36 36 36 36 37 37 38 38 41 43 43 44 44 44 47 48 49 50 51 53 54 59 60 61 63 63 63 63 65 67 68 68 71 72 72 72 73 73 73 78 80 82 82 82 83 84 84 85 87 90 91 91 91 92 92 92 93 95 95 95 95 96 97 98 99 99 100 
 Nastepna tablica
71 10 34 36 17 37 22 64 38 30 46 11 51 96 90 100 9 95 65 48 100 99 33 99 16 47 76 37 59 2 58 39 11 83 36 94 37 38 97 7 34 15 63 12 13 41 32 14 62 85 90 35 38 8 31 98 34 29 81 64 52 76 64 70 27 20 85 60 82 4 28 32 41 8 73 39 51 84 24 91 23 2 9 2 24 44 45 29 23 100 86 53 52 43 100 14 71 87 57 86 
 Nastepna tablica
2 2 2 4 7 8 8 9 9 10 11 11 12 13 14 14 15 16 17 20 22 23 23 24 24 27 28 29 29 30 31 32 32 33 34 34 34 35 36 36 37 37 37 38 38 38 39 39 41 41 43 44 45 46 47 48 51 51 52 52 53 57 58 59 60 62 63 64 64 64 65 70 71 71 73 76 76 81 82 83 84 85 85 86 86 87 90 90 91 94 95 96 97 98 99 99 100 100 100 100 
 Nastepna tablica
13 13 38 56 89 35 60 32 100 2 26 78 33 50 39 100 64 76 90 65 53 33 96 23 28 61 38 62 72 26 36 18 48 58 73 9 60 86 79 86 60 54 14 35 10 97 64 70 94 57 39 54 78 2 15 19 75 61 62 39 69 68 5 27 42 84 27 23 73 51 51 89 28 83 19 27 52 79 36 43 45 85 49 15 94 12 50 5 53 26 47 16 18 17 21 39 100 13 53 41 
 Nastepna tablica
2 2 5 5 9 10 12 13 13 13 14 15 15 16 17 18 18 19 19 21 23 23 26 26 26 27 27 27 28 28 32 33 33 35 35 36 36 38 38 39 39 39 39 41 42 43 45 47 48 49 50 50 51 51 52 53 53 53 54 54 56 57 58 60 60 60 61 61 62 62 64 64 65 68 69 70 72 73 73 75 76 78 78 79 79 83 84 85 86 86 89 89 90 94 94 96 97 100 100 100 
 Nastepna tablica
1 17 73 90 23 47 26 94 67 97 78 8 41 78 94 44 4 67 83 72 15 58 54 35 80 5 8 71 32 87 19 76 51 40 39 21 97 53 39 79 73 49 52 12 2 66 6 10 28 72 24 68 40 4 99 12 97 31 26 98 4 28 17 20 51 72 81 46 63 89 50 39 68 1 84 56 44 31 67 89 30 29 94 34 40 60 46 4 60 61 74 53 79 10 86 100 34 97 69 11 
 Nastepna tablica
1 1 2 4 4 4 4 5 6 8 8 10 10 11 12 12 15 17 17 19 20 21 23 24 26 26 28 28 29 30 31 31 32 34 34 35 39 39 39 40 40 40 41 44 44 46 46 47 49 50 51 51 52 53 53 54 56 58 60 60 61 63 66 67 67 67 68 68 69 71 72 72 72 73 73 74 76 78 78 79 79 80 81 83 84 86 87 89 89 90 94 94 94 97 97 97 97 98 99 100 
 Nastepna tablica
92 63 67 33 64 51 75 4 76 35 47 32 51 72 13 30 51 74 50 11 94 90 54 91 46 52 59 88 14 67 9 27 20 59 53 30 43 61 61 71 70 92 68 28 42 67 5 75 38 6 85 68 81 83 100 93 59 58 17 61 17 66 78 24 43 81 62 38 43 61 13 1 56 29 40 45 35 16 30 82 64 100 9 24 72 66 21 94 61 79 62 39 47 42 52 26 86 81 92 40 
 Nastepna tablica
1 4 5 6 9 9 11 13 13 14 16 17 17 20 21 24 24 26 27 28 29 30 30 30 32 33 35 35 38 38 39 40 40 42 42 43 43 43 45 46 47 47 50 51 51 51 52 52 53 54 56 58 59 59 59 61 61 61 61 61 62 62 63 64 64 66 66 67 67 67 68 68 70 71 72 72 74 75 75 76 78 79 81 81 81 82 83 85 86 88 90 91 92 92 92 93 94 94 100 100 
 Nastepna tablica
4 45 41 92 64 54 23 18 39 50 51 50 82 16 3 31 67 100 93 91 97 49 82 45 51 75 47 79 68 59 68 93 80 72 23 1 13 27 35 27 8 64 69 40 74 30 99 47 11 45 63 68 2 87 87 48 21 14 83 52 2 99 66 60 41 1 72 43 24 56 43 93 73 56 20 32 55 99 17 43 27 94 49 68 72 57 3 88 61 69 11 40 98 34 81 46 62 26 76 20 
 Nastepna tablica
1 1 2 2 3 3 4 8 11 11 13 14 16 17 18 20 20 21 23 23 24 26 27 27 27 30 31 32 34 35 39 40 40 41 41 43 43 43 45 45 45 46 47 47 48 49 49 50 50 51 51 52 54 55 56 56 57 59 60 61 62 63 64 64 66 67 68 68 68 68 69 69 72 72 72 73 74 75 76 79 80 81 82 82 83 87 87 88 91 92 93 93 93 94 97 98 99 99 99 100 
 Nastepna tablica
4 97 34 44 11 21 76 65 94 29 28 25 80 69 69 23 67 39 15 43 88 85 92 28 26 42 63 30 68 34 18 28 29 22 17 79 44 19 49 71 29 9 58 10 48 59 44 59 8 66 87 4 61 75 18 27 50 88 46 65 26 49 28 88 67 87 20 75 71 78 82 4 19 44 53 53 89 89 70 22 10 48 43 65 20 77 89 99 64 85 87 42 12 91 28 40 79 97 23 47 
 Nastepna tablica
4 4 4 8 9 10 10 11 12 15 17 18 18 19 19 20 20 21 22 22 23 23 25 26 26 27 28 28 28 28 28 29 29 29 30 34 34 39 40 42 42 43 43 44 44 44 44 46 47 48 48 49 49 50 53 53 58 59 59 61 63 64 65 65 65 66 67 67 68 69 69 70 71 71 75 75 76 77 78 79 79 80 82 85 85 87 87 87 88 88 88 89 89 89 91 92 94 97 97 99 
 Nastepna tablica
69 22 92 41 56 52 42 50 39 10 7 16 50 14 55 31 82 37 37 4 90 59 58 30 86 16 19 19 24 34 61 84 28 75 31 53 93 71 12 75 8 77 86 38 98 9 18 9 74 26 33 55 44 88 22 69 17 9 33 50 54 67 87 86 15 62 87 29 9 52 1 2 22 76 45 7 56 23 46 52 36 52 51 56 68 31 93 42 16 20 6 80 82 17 10 20 75 37 20 24 
 Nastepna tablica
1 2 4 6 7 7 8 9 9 9 9 10 12 14 15 16 16 16 17 17 18 19 19 20 20 20 22 22 22 23 24 24 26 28 29 30 31 31 31 33 33 34 37 37 37 38 41 42 42 44 45 46 50 39 10 50 50 51 52 52 52 36 52 53 54 55 55 56 56 56 58 59 61 62 67 68 69 69 71 74 75 75 75 76 77 80 82 82 84 86 86 86 87 87 88 90 92 93 93 98 
 Nastepna tablica
80 94 99 19 48 58 54 68 84 65 37 83 53 50 65 38 4 95 73 70 44 2 46 82 51 78 20 66 66 21 22 40 6 47 51 51 71 71 54 21 4 28 79 35 19 94 24 18 83 38 15 84 35 4 28 19 29 36 65 77 55 3 60 45 56 42 53 66 78 66 57 89 34 83 46 47 45 19 75 39 2 99 59 85 3 40 33 76 17 53 11 45 22 65 67 28 85 27 57 35 
 Nastepna tablica
2 2 3 3 4 4 4 6 11 15 17 18 19 19 19 19 20 21 21 22 22 24 27 28 28 28 29 33 34 35 35 35 36 37 38 38 39 40 40 42 44 45 45 45 46 46 47 47 48 50 51 51 51 53 53 53 54 54 55 56 57 57 58 59 60 65 65 65 65 66 66 66 66 67 68 70 71 71 73 75 76 77 78 78 79 80 82 83 83 83 84 84 85 85 89 94 94 95 99 99 
 Nastepna tablica
41 57 10 57 54 85 97 32 12 93 8 70 84 66 33 52 76 92 41 65 38 43 12 37 92 28 47 33 18 30 99 74 76 59 99 96 2 4 75 78 54 52 41 2 81 11 16 38 56 38 8 21 48 1 6 94 68 77 76 63 34 31 34 5 8 49 42 35 48 63 17 44 10 28 35 49 37 18 10 67 93 60 86 68 64 3 19 32 62 91 61 47 45 22 75 57 76 73 96 29 
 Nastepna tablica
1 2 2 3 4 5 6 8 8 8 10 10 10 11 12 12 16 17 18 18 19 21 22 28 28 29 30 32 32 33 33 34 31 34 35 35 37 37 38 38 38 41 41 41 42 43 44 45 47 47 48 48 49 49 52 52 54 54 56 57 57 57 59 60 61 62 63 63 64 65 66 67 68 68 70 73 74 75 75 76 76 76 76 77 78 81 84 85 86 91 92 92 93 93 94 96 96 97 99 99 
 Nastepna tablica
87 94 39 67 68 85 18 84 97 23 33 70 15 100 34 24 29 77 95 70 3 85 20 68 87 47 50 33 61 76 57 91 12 49 81 22 93 92 90 69 60 10 90 55 56 68 49 26 47 98 68 72 57 77 99 67 97 98 7 43 26 98 20 53 10 27 66 58 60 7 51 60 91 80 76 72 38 75 95 41 18 25 89 43 11 10 19 12 34 84 18 71 7 84 51 10 25 47 76 66 
 Nastepna tablica
7 7 7 10 10 10 10 11 12 12 18 18 19 20 22 25 25 26 26 27 33 34 38 41 43 43 47 47 47 49 49 50 51 51 53 55 56 57 57 58 60 60 60 61 66 66 67 68 68 69 71 72 72 75 76 76 76 77 80 81 84 84 87 89 90 90 91 91 92 93 94 39 67 68 85 18 84 95 97 23 33 70 15 97 98 98 98 99 100 34 24 29 77 95 70 3 85 20 68 87 
 Nastepna tablica
58 27 72 100 16 79 69 38 84 93 40 87 7 31 29 91 54 96 4 58 55 91 2 10 56 4 20 11 69 38 73 11 17 17 94 90 22 40 67 84 3 30 88 12 1 69 13 35 60 79 45 17 10 60 5 24 2 35 68 95 11 45 74 96 83 99 97 89 90 76 56 12 46 58 46 49 53 47 53 100 76 3 72 63 45 80 85 20 16 14 67 27 18 100 19 2 44 3 93 14 
 Nastepna tablica
1 2 2 2 3 3 3 4 4 5 7 10 10 11 11 11 12 12 13 14 14 16 16 17 17 17 18 19 20 20 22 24 27 27 29 30 31 35 35 38 38 40 40 44 45 45 45 46 46 47 49 53 53 54 55 56 56 58 58 58 60 60 63 67 67 68 69 69 69 72 72 73 74 76 76 79 79 80 83 84 84 85 87 88 89 90 90 91 91 93 93 94 95 96 96 97 99 100 100 100 
 Nastepna tablica
