98 81 42 98 73 49 60 26 73 17 45 53 99 76 51 21 36 85 59 11 86 12 33 30 15 47 31 13 98 83 34 5 81 69 81 59 60 7 8 94 71 15 72 31 68 6 51 46 81 97 95 84 5 32 13 49 24 79 20 24 27 33 71 25 7 98 19 87 24 100 43 57 15 94 7 18 31 33 76 11 14 15 12 68 15 44 25 20 95 6 84 68 19 8 30 31 4 10 55 13 
 Nastepna tablica
4 5 5 6 6 7 7 7 8 8 10 11 11 12 12 13 13 13 14 15 15 15 15 15 17 18 19 19 20 20 21 24 24 24 25 25 26 27 30 30 31 31 31 31 32 33 33 33 34 36 42 43 44 45 46 47 49 49 51 51 53 55 57 59 59 60 60 68 68 68 69 71 71 72 73 73 76 76 79 81 81 81 81 83 84 84 85 86 87 94 94 95 95 97 98 98 98 98 99 100 
 Nastepna tablica
96 64 48 85 35 52 7 65 52 30 2 19 90 22 87 98 3 47 91 2 40 86 72 52 40 96 69 66 93 32 4 9 84 100 17 96 57 75 14 68 4 99 72 92 66 52 81 83 98 9 36 47 29 25 56 93 4 16 85 66 26 36 39 89 41 74 40 38 1 57 56 64 38 13 4 78 53 20 40 7 42 29 56 64 32 49 24 15 2 58 46 93 13 78 16 39 30 84 46 48 
 Nastepna tablica
1 2 2 2 3 4 4 4 4 7 7 9 9 13 13 14 15 16 16 17 19 20 22 24 25 26 29 29 30 30 32 32 35 36 36 38 38 39 39 40 40 40 40 41 42 46 46 47 47 48 48 49 52 52 52 52 53 56 56 56 57 57 58 64 64 64 65 66 66 66 68 69 72 72 74 75 78 78 81 83 84 84 85 85 86 87 89 90 91 92 93 93 93 96 96 96 98 98 99 100 
 Nastepna tablica
13 16 19 61 86 73 12 19 95 22 64 25 90 5 78 17 45 60 51 77 3 5 51 29 96 62 78 87 95 28 71 85 39 47 5 42 53 13 53 72 29 38 7 38 39 1 40 30 54 48 2 19 85 41 9 82 42 43 23 66 57 68 15 3 83 94 36 100 94 35 82 59 21 64 43 81 32 79 44 13 81 48 26 18 11 51 61 85 48 92 33 87 47 34 50 7 7 52 54 31 
 Nastepna tablica
1 2 3 3 5 5 5 7 7 7 9 11 12 13 13 13 15 16 17 18 19 19 19 21 22 23 25 26 28 29 29 30 31 32 33 34 35 36 38 38 39 39 40 41 42 42 43 43 44 45 47 47 48 48 48 50 51 51 51 52 53 53 54 54 57 59 60 61 61 62 64 64 66 68 71 72 73 77 78 78 79 81 81 82 82 83 85 85 85 86 87 87 90 92 94 94 95 95 96 100 
 Nastepna tablica
5 69 61 60 66 8 98 3 57 100 31 41 5 44 57 26 46 81 53 26 4 58 45 99 9 20 51 99 77 31 55 74 95 17 20 39 49 66 18 55 46 60 45 72 35 40 51 2 40 80 97 52 97 10 83 26 32 53 32 35 44 58 21 9 19 74 25 22 56 10 36 98 12 15 97 26 6 52 50 79 52 28 15 100 40 64 87 95 47 25 39 62 61 5 87 89 41 4 46 60 
 Nastepna tablica
2 3 4 4 5 5 5 6 8 9 9 10 10 12 15 15 17 18 19 20 20 21 22 25 25 26 26 26 26 28 31 31 32 32 35 35 36 39 39 40 40 40 41 41 44 44 45 45 46 46 46 47 49 50 51 51 52 52 52 53 53 55 55 56 57 57 58 58 60 60 60 61 61 62 64 66 66 69 72 74 74 77 79 80 81 83 87 87 89 95 95 97 97 97 98 98 99 99 100 100 
 Nastepna tablica
98 100 3 31 74 94 73 12 82 76 48 96 54 6 93 29 75 52 89 15 34 59 57 17 38 64 8 42 37 67 23 23 79 9 93 99 68 19 23 30 55 64 94 2 95 56 57 60 41 23 68 29 82 81 73 64 82 39 57 67 96 59 98 76 4 91 64 50 71 79 72 3 14 76 56 85 34 56 33 68 66 3 61 90 89 46 13 86 94 87 30 9 17 4 17 74 32 52 61 71 
 Nastepna tablica
2 3 3 3 4 4 6 8 9 9 12 13 14 15 17 17 17 19 23 23 23 23 29 29 30 30 31 32 33 34 34 37 38 39 41 42 46 48 50 52 52 54 55 56 56 56 57 57 57 59 59 60 61 61 64 64 64 64 66 67 67 68 68 68 71 71 72 73 73 74 74 75 76 76 76 79 79 81 82 82 82 85 86 87 89 89 90 91 93 93 94 94 94 95 96 96 98 98 99 100 
 Nastepna tablica
74 31 44 12 6 60 22 8 43 48 17 18 47 42 56 58 6 74 3 27 72 74 75 47 13 30 30 25 55 10 84 95 77 94 71 97 76 76 64 72 7 74 47 1 3 98 29 32 86 22 40 89 3 57 91 74 71 93 55 3 26 3 49 57 29 23 80 85 94 69 45 20 53 40 58 30 50 17 40 20 99 40 92 93 43 69 99 18 59 17 13 98 56 13 95 38 17 36 45 28 
 Nastepna tablica
1 3 3 3 3 3 6 6 7 8 10 12 13 13 13 17 17 17 17 18 18 20 20 22 22 23 25 26 27 28 29 29 30 30 30 31 32 36 38 40 40 40 40 42 43 43 44 45 45 47 47 47 48 49 50 53 55 55 56 56 57 57 58 58 59 60 64 69 69 71 71 72 72 74 74 74 74 74 75 76 76 77 80 84 85 86 89 91 92 93 93 94 94 95 95 97 98 98 99 99 
 Nastepna tablica
26 65 11 5 21 20 89 45 1 90 36 39 92 13 63 90 37 60 8 18 21 90 63 58 21 10 12 54 13 84 100 39 36 38 28 82 28 53 85 73 59 56 55 77 21 25 24 49 60 32 8 18 50 69 35 60 58 41 78 63 30 51 54 18 42 78 49 20 5 75 58 35 60 77 79 29 59 61 53 5 16 95 79 3 45 4 23 36 98 70 58 36 26 53 86 88 66 27 49 54 
 Nastepna tablica
1 3 4 5 5 5 8 8 10 11 12 13 13 16 18 18 18 20 20 21 21 21 21 23 24 25 26 26 27 28 28 29 30 32 35 35 36 36 36 36 37 38 39 39 41 42 45 45 49 49 49 50 51 53 53 53 54 54 54 55 56 58 58 58 58 59 59 60 60 60 60 61 63 63 63 65 66 69 70 73 75 77 77 78 78 79 79 82 84 85 86 88 89 90 90 90 92 95 98 100 
 Nastepna tablica
24 90 24 38 64 56 53 100 17 67 28 72 70 19 91 69 54 17 64 37 33 13 68 11 40 70 10 66 52 4 86 1 5 98 2 19 28 81 68 2 23 93 66 30 81 78 26 79 34 90 62 79 51 66 43 69 49 50 44 91 38 48 6 13 77 35 82 34 39 56 38 50 14 49 19 48 37 6 26 10 20 9 25 32 33 5 77 65 51 5 74 60 94 13 42 85 51 33 22 66 
 Nastepna tablica
1 2 2 4 5 5 5 6 6 9 10 10 11 13 13 13 14 17 17 19 19 19 20 22 23 24 24 25 26 26 28 28 30 32 33 33 33 34 34 35 37 37 38 38 38 39 40 42 43 44 48 48 49 49 50 50 51 51 51 52 53 54 56 56 60 62 64 64 65 66 66 66 66 67 68 68 69 69 70 70 72 74 77 77 78 79 79 81 81 82 85 86 90 90 91 91 93 94 98 100 
 Nastepna tablica
74 69 97 36 5 49 74 50 87 10 81 42 28 88 61 21 58 26 44 28 81 47 58 92 51 66 14 18 12 92 19 19 76 52 98 29 88 4 61 19 9 18 3 30 51 77 85 65 31 5 73 29 23 52 20 100 66 59 58 87 22 8 68 90 45 25 45 1 72 57 70 28 74 6 94 70 24 91 14 38 83 66 48 77 70 32 94 20 58 24 1 77 95 14 75 35 81 89 34 99 
 Nastepna tablica
1 1 3 4 5 5 6 8 9 10 12 14 14 14 18 18 19 19 19 20 20 21 22 23 24 24 25 26 28 28 28 29 29 30 31 32 34 35 36 38 42 44 45 45 47 48 49 50 51 51 52 52 57 58 58 58 58 59 61 61 65 66 66 66 68 69 70 70 70 72 73 74 74 74 75 76 77 77 77 81 81 81 83 85 87 87 88 88 89 90 91 92 92 94 94 95 97 98 99 100 
 Nastepna tablica
4 50 2 40 15 30 37 67 95 6 100 40 78 17 4 92 61 60 79 75 43 77 21 43 83 36 74 61 41 54 41 12 44 58 57 44 30 98 35 29 92 69 35 28 36 83 31 61 81 10 42 50 93 18 48 50 53 3 43 73 80 89 33 99 100 89 7 52 38 66 81 43 20 90 75 14 78 34 3 20 24 24 24 84 17 91 35 37 13 44 56 95 46 39 27 33 57 79 59 99 
 Nastepna tablica
2 3 3 4 4 6 7 10 12 13 14 15 17 17 18 20 20 21 24 24 24 27 28 29 30 30 31 33 33 34 35 35 35 36 36 37 37 38 39 40 40 41 41 42 43 43 43 43 44 44 44 46 48 50 50 50 52 53 54 56 57 57 58 59 60 61 61 61 66 67 69 73 74 75 75 77 78 78 79 79 80 81 81 83 83 84 89 89 90 91 92 92 93 95 95 98 99 99 100 100 
 Nastepna tablica
27 38 87 66 62 48 51 69 47 92 49 74 96 4 1 10 10 60 18 81 19 13 30 10 48 66 31 21 10 36 90 77 74 35 49 65 11 16 28 90 51 59 85 3 49 56 85 15 33 70 56 38 39 8 80 58 57 48 1 80 32 28 48 71 22 91 50 45 74 68 42 92 27 57 11 94 45 50 23 44 40 47 59 31 50 48 28 36 41 11 49 38 42 59 17 89 72 59 63 54 
 Nastepna tablica
1 1 3 4 8 10 10 10 10 11 11 11 13 15 16 17 18 19 21 22 23 27 27 28 28 28 30 31 31 32 33 35 36 36 38 38 38 39 40 41 42 42 44 45 45 47 47 48 48 48 48 48 49 49 49 49 50 50 50 51 51 54 56 56 57 57 58 59 59 59 59 60 62 63 65 66 66 68 69 70 71 72 74 74 74 77 80 80 81 85 85 87 89 90 90 91 92 92 94 96 
 Nastepna tablica
67 45 65 88 2 16 15 76 94 88 36 68 49 100 57 29 76 56 64 68 93 33 6 22 68 98 49 94 86 40 45 79 86 19 5 41 4 58 72 17 79 37 45 80 4 22 67 39 51 90 13 29 68 37 21 41 22 11 68 11 58 48 70 48 72 94 73 12 17 78 43 60 33 65 8 64 43 19 25 78 21 69 39 56 50 31 2 6 21 31 33 84 76 85 2 30 8 75 19 81 
 Nastepna tablica
2 2 2 4 4 5 6 6 8 8 11 11 12 13 15 16 17 17 19 19 19 21 21 21 22 22 22 25 29 29 30 31 31 33 33 33 36 37 37 39 39 40 41 41 43 43 45 45 45 48 48 49 49 50 51 56 56 57 58 58 60 64 64 65 65 67 67 68 68 68 68 68 69 70 72 72 73 75 76 76 76 78 78 79 79 80 81 84 85 86 86 88 88 90 93 94 94 94 98 100 
 Nastepna tablica
90 60 8 21 95 4 85 27 68 49 55 2 9 45 42 44 20 34 37 38 96 91 73 16 18 61 59 37 26 96 57 19 67 100 67 57 21 86 74 70 75 83 32 6 52 38 57 42 80 56 70 96 23 53 56 35 62 42 75 16 99 59 44 22 50 78 8 100 7 39 77 48 18 40 54 26 29 32 58 25 37 16 65 85 91 15 82 26 79 71 40 92 14 98 4 12 5 54 70 21 
 Nastepna tablica
2 4 4 5 6 7 8 8 9 12 14 15 16 16 16 18 18 19 20 21 21 21 22 23 25 26 26 26 27 29 32 32 34 35 37 37 37 38 38 39 40 40 42 42 42 44 44 45 48 49 50 52 53 54 54 55 56 56 57 57 57 58 59 59 60 61 62 65 67 67 68 70 70 70 71 73 74 75 75 77 78 79 80 82 83 85 85 86 90 91 91 92 95 96 96 96 98 99 100 100 
 Nastepna tablica
66 27 64 74 19 26 35 43 100 43 51 90 16 82 69 45 31 39 59 65 70 44 64 97 67 79 28 62 91 8 46 1 49 46 9 52 89 24 44 73 65 19 17 97 43 7 55 59 19 19 26 83 58 37 7 70 3 33 50 11 100 64 16 23 25 88 20 77 5 70 36 43 9 77 4 21 5 57 79 16 44 82 96 37 35 41 87 55 73 24 100 81 45 98 80 16 68 13 47 33 
 Nastepna tablica
1 3 4 5 5 7 7 8 9 9 11 13 16 16 16 16 17 19 19 19 19 20 21 23 24 24 25 26 26 27 28 31 33 33 35 35 36 37 37 39 41 43 43 43 43 44 44 44 45 45 46 46 47 49 50 51 52 55 55 57 58 59 59 62 64 64 64 65 65 66 67 68 69 70 70 70 73 73 74 77 77 79 79 80 81 82 82 83 87 88 89 90 91 96 97 97 98 100 100 100 
 Nastepna tablica
34 12 21 18 23 95 63 67 14 17 49 15 72 20 17 42 18 99 3 41 9 47 83 88 41 34 90 16 37 14 36 97 40 18 25 73 11 18 16 30 15 83 92 93 50 25 9 67 49 100 10 20 55 68 39 73 57 81 17 94 97 13 45 69 83 100 65 21 90 27 53 63 75 40 62 61 63 84 24 76 70 49 85 95 32 10 75 64 63 89 55 34 26 68 24 4 52 58 41 18 
 Nastepna tablica
3 4 9 9 10 10 11 12 13 14 14 15 15 16 16 17 17 17 18 18 18 18 18 20 20 21 21 23 24 24 25 25 26 27 30 32 34 34 34 36 37 39 40 40 41 41 41 42 45 47 49 49 49 50 52 53 55 55 57 58 61 62 63 63 63 63 64 65 67 67 68 68 69 70 72 73 73 75 75 76 81 83 83 83 84 85 88 89 90 90 92 93 94 95 95 97 97 99 100 100 
 Nastepna tablica
19 96 3 5 94 14 57 40 49 91 85 20 17 2 20 7 7 1 73 84 21 68 82 94 83 33 70 19 26 69 9 59 70 35 62 57 33 87 66 21 19 66 90 75 49 63 31 71 25 33 79 78 55 68 95 67 32 98 42 17 17 27 73 13 28 18 97 11 11 17 65 41 30 27 33 42 26 16 17 44 41 98 14 45 83 59 45 28 89 45 42 95 62 77 96 23 20 55 82 10 
 Nastepna tablica
1 2 3 5 7 7 9 10 11 11 13 14 14 16 17 17 17 17 17 18 19 19 19 20 20 20 21 21 23 25 26 26 27 27 28 28 30 31 32 33 33 33 33 35 40 41 41 42 42 42 44 45 45 45 49 49 55 55 57 57 59 59 62 62 63 65 66 66 67 68 68 69 70 70 71 73 73 75 77 78 79 82 82 83 83 84 85 87 89 90 91 94 94 95 95 96 96 97 98 98 
 Nastepna tablica
44 50 13 4 84 27 83 13 100 30 31 90 87 85 34 82 19 91 74 51 11 32 68 5 28 12 92 41 18 49 19 30 45 76 28 61 27 54 8 67 84 23 18 80 11 16 95 68 39 66 68 24 2 6 61 58 44 6 59 25 75 39 53 97 85 5 8 33 19 56 15 45 21 93 32 58 2 44 24 80 77 67 8 4 72 51 29 86 96 17 18 5 86 31 32 64 32 28 74 83 
 Nastepna tablica
2 2 4 4 5 5 5 6 6 8 8 8 11 11 12 13 13 15 16 17 18 18 18 19 19 19 21 23 24 24 25 27 27 28 28 28 29 30 30 31 31 32 32 32 32 33 34 39 39 41 44 44 44 45 45 49 50 51 51 53 54 56 58 58 59 61 61 64 66 67 67 68 68 68 72 74 74 75 76 77 80 80 82 83 83 84 84 85 85 86 86 87 90 91 92 93 95 96 97 100 
 Nastepna tablica
27 18 81 43 79 90 89 77 95 94 22 50 31 90 22 26 15 83 16 51 38 51 76 89 59 60 36 42 47 49 2 16 67 18 19 11 59 44 23 97 2 12 58 97 96 83 30 32 2 18 70 30 13 30 59 22 10 94 52 96 53 24 84 7 31 42 11 32 52 34 52 17 84 88 98 1 25 41 100 99 14 68 6 34 30 57 45 92 40 33 38 21 2 89 99 9 24 32 41 36 
 Nastepna tablica
1 2 2 2 2 6 7 9 10 11 11 12 13 14 15 16 16 17 18 18 18 19 21 22 22 22 23 24 24 25 26 27 30 30 30 30 31 31 32 32 32 33 34 34 36 36 38 38 40 41 41 42 42 43 44 45 47 49 50 51 51 52 52 52 53 57 58 59 59 59 60 67 68 70 76 77 79 81 83 83 84 84 88 89 89 89 90 90 92 94 94 95 96 96 97 97 98 99 99 100 
 Nastepna tablica
78 55 82 46 8 36 18 100 33 79 55 86 10 13 81 56 56 19 35 26 88 13 16 95 6 32 49 14 93 70 35 84 21 85 71 32 54 74 64 20 64 54 72 86 62 97 51 19 55 18 13 60 43 99 83 58 42 53 52 21 66 31 15 91 58 19 99 94 51 49 46 45 90 11 15 38 18 32 76 33 84 73 19 4 100 85 71 8 77 36 49 70 15 26 79 98 28 97 32 64 
 Nastepna tablica
4 6 8 8 10 11 13 13 13 14 15 15 15 16 18 18 18 19 19 19 19 20 21 21 26 26 28 31 32 32 32 32 33 33 35 35 36 36 38 42 43 45 46 46 49 49 49 51 51 52 53 54 54 55 55 55 56 56 58 58 60 62 64 64 64 66 70 70 71 71 72 73 74 76 77 78 79 79 81 82 83 84 84 85 85 86 86 88 90 91 93 94 95 97 97 98 99 99 100 100 
 Nastepna tablica
98 8 49 84 44 74 32 16 7 26 20 66 98 16 76 4 3 72 47 30 76 49 63 42 21 33 21 100 32 11 21 79 47 97 93 36 21 51 59 72 100 56 14 80 41 63 98 20 40 20 17 3 29 41 44 25 15 23 46 86 29 1 69 15 91 63 34 90 9 67 19 99 81 60 64 20 25 78 15 49 76 58 55 60 26 74 54 47 2 4 89 35 11 55 69 23 32 82 32 94 
 Nastepna tablica
1 2 3 3 4 4 7 8 9 11 11 14 15 15 15 16 16 17 19 20 20 20 20 21 21 21 21 23 23 25 25 26 26 29 29 30 32 32 32 32 33 34 35 36 40 41 41 42 44 44 46 47 47 47 49 49 49 51 54 55 55 56 58 59 60 60 63 63 63 64 66 67 69 69 72 72 74 74 76 76 76 78 79 80 81 82 84 86 89 90 91 93 94 97 98 98 98 99 100 100 
 Nastepna tablica
29 24 54 61 79 80 40 96 87 9 12 62 22 12 38 64 15 29 47 10 65 16 60 16 62 14 65 96 57 98 82 51 56 11 58 97 33 54 51 40 58 85 93 4 66 76 14 93 2 3 61 93 100 63 1 21 95 60 89 65 23 51 50 58 34 33 80 56 95 52 44 72 30 48 81 63 9 41 35 23 97 39 52 10 15 81 61 1 17 66 56 71 40 17 38 30 96 41 88 57 
 Nastepna tablica
1 1 2 3 4 9 9 10 10 11 12 12 14 14 15 15 16 16 17 17 21 22 23 23 24 29 29 30 30 33 33 34 35 38 38 39 40 40 40 41 41 44 47 48 50 51 51 51 52 52 54 54 56 56 56 57 57 58 58 58 60 60 61 61 61 62 62 63 63 64 65 65 65 66 66 71 72 76 79 80 80 81 81 82 85 87 88 89 93 93 93 95 95 96 96 96 97 97 98 100 
 Nastepna tablica
94 44 69 71 28 95 90 30 62 62 84 51 96 96 34 54 27 42 88 97 97 17 39 61 87 36 83 80 41 2 37 29 5 68 40 73 99 67 46 42 81 65 54 33 93 84 70 56 35 47 38 40 97 11 27 89 96 13 96 39 25 2 100 39 80 55 50 39 24 90 2 70 34 69 5 12 46 30 79 20 12 62 98 19 79 65 30 16 40 86 87 32 69 4 74 64 16 41 87 53 
 Nastepna tablica
2 2 2 4 5 5 11 12 12 13 16 16 17 19 20 24 25 27 27 28 29 30 30 30 32 33 34 34 35 36 37 38 39 39 39 39 40 40 40 41 41 42 42 44 46 46 47 50 51 53 54 54 55 56 61 62 62 62 64 65 65 67 68 69 69 69 70 70 71 73 74 79 79 80 80 81 83 84 84 86 87 87 87 88 89 90 90 93 94 95 96 96 96 96 97 97 97 98 99 100 
 Nastepna tablica
37 70 94 31 34 30 33 25 70 37 30 96 44 20 98 13 94 12 76 44 38 24 70 7 88 92 69 88 87 90 15 22 76 97 78 49 4 100 38 99 78 63 15 1 97 54 96 27 91 99 51 85 50 32 30 3 22 93 21 34 84 34 30 47 68 77 97 51 81 31 88 51 77 47 10 98 79 26 29 53 13 21 57 86 21 76 55 49 11 57 52 66 68 37 99 15 6 97 81 9 
 Nastepna tablica
1 3 4 6 7 9 10 11 12 13 13 15 15 15 20 21 21 21 22 22 24 25 26 27 29 30 30 30 30 31 31 32 33 34 34 34 37 37 37 38 38 44 44 47 47 49 49 50 51 51 51 52 53 54 55 57 57 63 66 68 68 69 70 70 70 76 76 76 77 77 78 78 79 81 81 84 85 86 87 88 88 88 90 91 92 93 94 94 96 96 97 97 97 97 98 98 99 99 99 100 
 Nastepna tablica
12 7 54 89 67 41 78 53 44 2 97 78 96 24 16 40 2 58 69 96 20 11 64 90 49 95 27 75 5 93 44 68 53 12 49 76 12 17 36 42 58 8 71 75 9 3 70 11 89 9 99 57 76 32 55 52 50 68 86 94 13 84 55 80 8 26 81 4 37 91 20 82 65 74 97 11 43 34 47 69 27 60 7 99 68 46 35 4 35 52 56 37 39 4 37 68 26 33 34 18 
 Nastepna tablica
2 2 3 4 4 4 5 7 7 8 8 9 9 11 11 11 12 12 12 13 16 17 18 20 20 24 26 26 27 27 32 33 34 34 35 35 36 37 37 37 39 40 41 42 43 44 44 46 47 49 49 50 52 52 53 53 54 55 55 56 57 58 58 60 64 65 67 68 68 68 68 69 69 70 71 74 75 75 76 76 78 78 80 81 82 84 86 89 89 90 91 93 94 95 96 96 97 97 99 99 
 Nastepna tablica
93 32 22 97 51 59 49 75 54 9 97 65 35 77 95 47 11 94 37 7 17 71 81 88 17 4 100 1 66 77 59 90 61 22 14 82 18 23 44 82 26 68 55 81 45 55 32 16 85 68 12 60 83 86 44 54 46 48 70 50 33 7 78 11 51 26 28 10 9 54 66 69 4 3 76 46 66 90 90 47 26 8 2 8 34 51 67 72 51 52 28 100 41 97 81 2 65 60 11 24 
 Nastepna tablica
1 2 2 3 4 4 7 7 8 8 9 9 10 11 11 11 12 14 16 17 17 18 22 22 23 24 26 26 26 28 28 32 32 33 34 35 37 41 44 44 45 46 46 47 47 48 49 50 51 51 51 51 52 54 54 54 55 55 59 59 60 60 61 65 65 66 66 66 67 68 68 69 70 71 72 75 76 77 77 78 81 81 81 82 82 83 85 86 88 90 90 90 93 94 95 97 97 97 100 100 
 Nastepna tablica
49 12 71 31 27 86 33 27 20 42 81 36 7 71 65 31 80 60 36 61 54 13 10 35 52 61 29 70 3 53 32 13 5 53 14 89 32 37 22 1 42 3 80 70 19 91 78 52 47 31 12 6 2 41 36 86 38 5 54 84 24 83 47 69 53 29 25 83 46 60 91 15 5 1 40 62 22 58 73 68 2 86 90 78 39 33 82 21 81 39 56 32 16 80 64 91 53 96 98 48 
 Nastepna tablica
1 1 2 2 3 3 5 5 5 6 7 10 12 12 13 13 14 15 16 19 20 21 22 22 24 25 27 27 29 29 31 31 31 32 32 32 33 33 35 36 36 36 37 38 39 39 40 41 42 42 46 47 47 48 49 52 52 53 53 53 53 54 54 56 58 60 60 61 61 62 64 65 68 69 70 70 71 71 73 78 78 80 80 80 81 81 82 83 83 84 86 86 86 89 90 91 91 91 96 98 
 Nastepna tablica
93 76 71 94 3 92 77 79 33 38 70 50 58 79 4 70 38 66 39 86 43 70 70 61 27 19 43 87 6 6 2 9 93 51 51 33 67 32 15 82 67 85 4 75 6 96 52 37 62 98 89 62 63 69 5 44 69 91 99 6 91 43 40 13 27 71 40 6 9 46 10 86 64 30 69 30 14 20 75 24 7 38 98 76 62 10 38 8 83 74 2 4 69 27 86 33 34 66 28 54 
 Nastepna tablica
2 2 3 4 4 4 5 6 6 6 6 6 7 8 9 9 10 10 13 14 15 19 20 24 27 27 27 28 30 30 32 33 33 33 34 37 38 38 38 38 39 40 40 43 43 43 44 46 50 51 51 52 54 58 61 62 62 62 63 64 66 66 67 67 69 69 69 69 70 70 70 70 71 71 74 75 75 76 76 77 79 79 82 83 85 86 86 86 87 89 91 91 92 93 93 94 96 98 98 99 
 Nastepna tablica
22 84 25 100 29 25 39 72 63 3 81 95 98 11 87 58 99 64 46 5 1 91 2 44 74 39 14 32 54 86 95 31 37 3 26 88 24 65 47 37 80 25 14 77 82 56 95 48 82 31 80 49 49 46 8 95 20 93 73 95 84 61 43 65 70 56 11 5 44 100 77 64 65 2 22 19 7 60 48 27 64 15 95 70 89 95 47 37 35 39 11 34 14 73 90 19 78 57 85 64 
 Nastepna tablica
1 2 2 3 3 5 5 7 8 11 11 11 14 14 14 15 19 19 20 22 22 24 25 25 25 26 27 29 31 31 32 34 35 37 37 37 39 39 39 43 44 44 46 46 47 47 48 48 49 49 54 56 56 57 58 60 61 63 64 64 64 64 65 65 65 70 70 72 73 73 74 77 77 78 80 80 81 82 82 84 84 85 86 87 88 89 90 91 93 95 95 95 95 95 95 95 98 99 100 100 
 Nastepna tablica
42 25 64 34 2 14 20 92 78 29 92 47 75 84 42 28 68 42 33 85 53 55 12 84 71 81 42 38 96 28 24 68 100 52 34 2 84 73 65 93 66 14 60 3 57 70 50 36 35 39 64 31 60 55 68 69 32 97 25 1 40 47 35 10 29 73 61 97 82 59 13 78 31 87 36 63 62 5 79 2 28 90 29 44 47 82 34 7 43 81 15 97 67 100 67 41 34 1 42 90 
 Nastepna tablica
1 1 2 2 2 3 5 7 10 12 13 14 14 15 20 24 25 25 28 28 28 29 29 29 31 31 32 33 34 34 34 34 35 35 36 36 38 39 40 41 42 42 42 42 42 43 44 47 47 47 50 52 53 55 55 57 59 60 60 61 62 63 64 64 65 66 67 67 68 68 68 69 70 71 73 73 75 78 78 79 81 81 82 82 84 84 84 85 87 90 90 92 92 93 96 97 97 97 100 100 
 Nastepna tablica
45 80 92 22 34 28 28 37 57 53 29 53 54 43 32 96 19 11 75 35 11 40 82 22 16 30 5 38 13 90 93 90 99 48 30 61 25 40 59 74 82 47 68 46 74 66 33 34 27 88 88 20 33 36 9 79 67 53 31 64 64 85 50 81 86 4 26 56 55 6 75 65 93 13 99 56 14 7 12 79 99 52 38 48 40 73 99 81 81 13 38 76 75 74 100 90 54 54 53 55 
 Nastepna tablica
4 5 6 7 9 11 11 12 13 13 13 14 16 19 20 22 22 25 26 27 28 28 29 30 30 31 32 33 33 34 34 35 36 37 38 38 38 40 40 40 43 45 46 47 48 48 50 52 53 53 53 53 54 54 54 55 55 56 56 57 59 61 64 64 65 66 67 68 73 74 74 74 75 75 75 76 79 79 80 81 81 81 82 82 85 86 88 88 90 90 90 92 93 93 96 99 99 99 99 100 
 Nastepna tablica
97 55 6 40 55 12 99 20 93 31 32 94 40 43 68 63 20 73 77 75 97 54 85 90 96 30 88 45 66 40 47 65 89 100 5 71 79 41 44 61 95 16 14 80 100 1 49 70 25 73 23 22 95 52 34 41 41 39 42 23 94 64 52 51 62 5 8 3 85 55 14 64 29 28 62 80 78 30 92 93 68 97 1 21 71 83 83 58 18 7 42 4 90 100 80 68 44 82 6 56 
 Nastepna tablica
1 1 3 4 5 5 6 6 7 8 12 14 14 16 18 20 20 21 22 23 23 25 28 29 30 30 31 32 34 39 40 40 40 41 41 41 42 42 43 44 44 45 47 49 51 52 52 54 55 55 55 56 58 61 62 62 63 64 64 65 66 68 68 68 70 71 71 73 73 75 77 78 79 80 80 80 82 83 83 85 85 88 89 90 90 92 93 93 94 94 95 95 96 97 97 97 99 100 100 100 
 Nastepna tablica
10 81 29 68 66 41 100 79 43 34 78 51 56 77 58 45 98 55 1 60 25 16 24 39 50 50 47 61 56 24 45 89 29 77 72 70 38 17 8 69 85 49 23 49 57 34 36 73 59 40 28 88 96 4 76 25 15 84 4 34 49 73 19 71 34 98 37 94 74 31 49 13 31 44 15 54 36 34 89 62 50 78 72 78 55 86 5 98 5 1 72 46 99 55 13 9 90 31 14 83 
 Nastepna tablica
1 1 4 4 5 5 8 9 10 13 13 14 15 15 16 17 19 23 24 24 25 25 28 29 29 31 31 31 34 34 34 34 34 36 36 37 38 39 40 41 43 44 45 45 46 47 49 49 49 49 50 50 50 51 54 55 55 55 56 56 57 58 59 60 61 62 66 68 69 70 71 72 72 72 73 73 74 76 77 77 78 78 78 79 81 83 84 85 86 88 89 89 90 94 96 98 98 98 99 100 
 Nastepna tablica
29 74 8 84 89 85 9 55 52 59 94 72 44 74 76 52 88 30 72 97 14 69 43 81 79 76 63 52 11 66 36 6 87 88 21 61 48 73 67 63 57 75 46 38 60 30 57 25 9 47 57 42 88 20 13 49 24 26 93 88 56 54 98 58 92 28 48 65 3 73 83 15 100 64 99 37 95 15 31 3 61 3 28 22 46 86 77 79 94 11 10 48 58 15 74 88 53 66 97 55 
 Nastepna tablica
3 3 3 6 8 9 9 10 11 11 13 14 15 15 15 20 21 22 24 25 26 28 28 29 30 30 31 36 37 38 42 43 44 46 46 47 48 48 48 49 52 52 52 53 54 55 55 56 57 57 57 58 58 59 60 61 61 63 63 64 65 66 66 67 69 72 72 73 73 74 74 74 75 76 76 77 79 79 81 83 84 85 86 87 88 88 88 88 88 89 92 93 94 94 95 97 97 98 99 100 
 Nastepna tablica
30 47 90 75 24 53 51 20 87 98 86 15 49 45 73 69 85 63 5 30 82 17 48 36 99 65 66 72 69 54 64 36 18 29 24 90 33 21 28 76 58 14 46 80 4 33 95 54 15 15 31 48 39 83 85 61 2 88 19 41 5 64 68 48 98 10 56 36 92 98 4 36 71 26 39 43 54 79 23 22 91 2 32 1 9 25 58 79 39 100 77 83 52 80 10 6 14 53 64 14 
 Nastepna tablica
1 2 2 4 4 5 5 6 9 10 10 14 14 14 15 15 15 17 18 19 20 21 22 23 24 24 25 26 28 29 30 30 31 32 33 33 36 36 36 36 39 39 39 41 43 45 46 47 48 48 48 49 51 52 53 53 54 54 54 56 58 58 61 63 64 64 64 65 66 68 69 69 71 72 73 75 76 77 79 79 80 80 82 83 83 85 85 86 87 88 90 90 91 92 95 98 98 98 99 100 
 Nastepna tablica
96 91 40 9 71 68 60 71 19 75 37 28 46 52 84 54 37 79 22 77 23 14 88 79 94 2 46 34 87 52 90 48 33 28 87 71 41 35 42 21 52 98 1 65 22 57 99 22 57 93 87 92 81 12 72 65 79 15 88 66 84 98 83 82 87 81 79 9 49 59 25 45 28 2 3 1 78 10 28 51 68 35 79 63 18 3 48 4 16 49 27 67 49 83 63 22 3 42 70 52 
 Nastepna tablica
1 1 2 2 3 3 3 4 9 9 10 12 14 15 16 18 19 21 22 22 22 22 23 25 27 28 28 28 28 33 34 35 35 37 37 40 41 42 42 45 46 46 48 48 49 49 49 51 52 52 52 52 54 57 57 59 60 63 63 65 65 66 67 68 68 70 71 71 71 72 75 77 78 79 79 79 79 79 81 81 82 83 83 84 84 87 87 87 87 88 88 90 91 92 93 94 96 98 98 99 
 Nastepna tablica
4 99 45 14 87 96 14 75 10 1 56 38 59 85 15 71 48 36 41 45 76 85 17 88 38 63 81 31 88 15 69 99 93 85 46 24 66 1 60 71 67 20 39 42 88 39 95 4 33 85 47 100 23 88 24 11 20 62 31 27 75 57 36 59 84 76 7 64 92 23 51 47 4 21 5 8 2 77 39 89 77 60 62 32 86 68 69 64 6 32 71 19 94 2 87 15 53 64 77 46 
 Nastepna tablica
1 1 2 2 4 4 4 5 6 7 8 10 11 14 14 15 15 15 17 19 20 20 21 23 23 24 24 27 31 31 32 32 33 36 36 38 38 39 39 39 41 42 45 45 46 46 47 47 48 51 53 56 57 59 59 60 60 62 62 63 64 64 64 66 67 68 69 69 71 71 71 75 75 76 76 77 77 77 81 84 85 85 85 85 86 87 87 88 88 88 88 89 92 93 94 95 96 99 99 100 
 Nastepna tablica
21 80 88 96 89 94 14 11 77 95 23 98 30 35 86 33 16 55 28 80 53 97 66 74 3 71 21 24 25 74 77 5 74 42 86 93 35 58 66 77 86 2 6 9 54 52 90 16 97 91 28 35 64 73 84 16 22 33 92 81 31 60 24 66 30 27 87 11 33 96 28 94 60 24 70 35 57 82 16 53 74 2 19 76 51 48 61 95 62 2 74 27 52 79 13 13 65 70 77 73 
 Nastepna tablica
2 2 2 3 5 6 9 11 11 13 13 14 16 16 16 16 19 21 21 22 23 24 24 24 25 27 27 28 28 28 30 30 31 33 33 33 35 35 35 35 42 48 51 52 52 53 53 54 55 57 58 60 60 61 62 64 65 66 66 66 70 70 71 73 73 74 74 74 74 74 76 77 77 77 77 79 80 80 81 82 84 86 86 86 87 88 89 90 91 92 93 94 94 95 95 96 96 97 97 98 
 Nastepna tablica
51 30 73 71 95 3 13 3 53 65 70 39 18 31 67 92 6 71 37 49 67 47 60 70 42 87 39 21 80 82 5 37 37 7 41 44 48 61 56 79 8 4 1 27 97 98 25 46 66 92 87 74 73 49 29 65 39 69 97 86 42 33 99 67 16 43 12 36 34 8 38 67 61 69 24 60 7 78 69 75 10 24 24 55 76 7 51 37 23 11 92 97 75 2 43 41 60 54 65 96 
 Nastepna tablica
1 2 3 3 4 5 6 7 7 7 8 8 10 11 12 13 16 18 21 23 24 24 24 25 27 29 30 31 33 34 36 37 37 37 37 38 39 39 39 41 41 42 42 43 43 44 46 47 48 49 49 51 51 53 54 55 56 60 60 60 61 61 65 65 65 66 67 67 67 67 69 69 69 70 70 71 71 73 73 74 75 75 76 78 79 80 82 86 87 87 92 92 92 95 96 97 97 97 98 99 
 Nastepna tablica
65 31 53 16 65 95 93 39 37 61 91 90 66 52 32 39 73 96 40 85 48 99 92 2 100 17 41 4 15 20 18 31 50 97 47 78 82 50 62 55 39 14 38 8 71 86 63 59 16 82 6 18 20 15 73 68 99 58 48 78 75 53 25 70 24 32 17 80 23 35 24 89 59 25 12 56 72 72 5 7 87 8 7 51 19 9 42 24 18 17 9 27 43 97 43 100 15 67 19 58 
 Nastepna tablica
2 4 5 6 7 7 8 8 9 9 12 14 15 15 15 16 16 17 17 17 18 18 18 19 19 20 20 23 24 24 24 25 25 27 31 31 32 32 35 37 38 39 39 39 40 41 42 43 43 47 48 48 50 50 51 52 53 53 55 56 58 58 59 59 61 62 63 65 65 66 67 68 70 71 72 72 73 73 75 78 78 80 82 82 85 86 87 89 90 91 92 93 95 96 97 97 99 99 100 100 
 Nastepna tablica
5 12 7 49 71 63 95 68 65 89 17 66 64 2 20 5 3 64 17 21 93 38 21 87 71 32 100 66 15 22 21 22 94 14 79 62 78 78 64 13 87 13 60 77 86 36 44 44 10 23 12 32 59 82 29 100 84 31 23 4 77 29 50 21 33 5 4 49 76 35 42 41 53 83 66 67 54 38 33 35 55 4 80 93 8 51 8 85 89 4 14 73 16 36 52 78 10 14 89 89 
 Nastepna tablica
2 3 4 4 4 4 5 5 5 7 8 8 10 10 12 12 13 13 14 14 14 15 16 17 17 20 21 21 21 21 22 22 23 23 29 29 31 32 32 33 33 35 35 36 36 38 38 41 42 44 44 49 49 50 51 52 53 54 55 59 60 62 63 64 64 64 65 66 66 66 67 68 71 71 73 76 77 77 78 78 78 79 80 82 83 84 85 86 87 87 89 89 89 89 93 93 94 95 100 100 
 Nastepna tablica
26 18 43 40 27 13 3 61 95 12 57 59 99 50 45 23 32 6 9 32 2 92 43 54 41 43 89 91 22 67 75 15 15 24 65 5 13 38 43 35 65 82 73 31 45 37 98 70 48 52 43 10 52 68 47 90 55 30 14 64 16 94 7 54 55 99 62 5 64 34 25 92 48 52 61 12 9 77 37 39 35 75 71 54 46 2 38 78 90 57 31 78 44 85 62 55 59 73 36 84 
 Nastepna tablica
2 2 3 5 5 6 7 9 9 10 12 12 13 13 14 15 15 16 18 22 23 24 25 26 27 30 31 31 32 32 34 35 35 36 37 37 38 38 39 40 41 43 43 43 43 43 44 45 45 46 47 48 48 50 52 52 52 54 54 54 55 55 55 57 57 59 59 61 61 62 62 64 64 65 65 67 68 70 71 73 73 75 75 77 78 78 82 84 85 89 90 90 91 92 92 94 95 98 99 99 
 Nastepna tablica
7 69 63 24 93 42 49 65 19 78 92 26 1 13 41 13 100 68 92 37 6 73 31 17 75 66 63 26 30 88 79 57 83 83 99 85 71 57 56 31 16 80 68 14 47 16 89 42 47 1 60 84 92 100 24 8 52 59 93 62 68 42 5 16 78 13 54 44 54 11 20 25 15 24 1 80 36 22 34 34 58 68 60 50 63 51 40 52 99 90 75 51 34 5 9 95 55 89 47 4 
 Nastepna tablica
1 1 1 4 5 5 6 7 8 9 11 13 13 13 14 15 16 16 16 17 19 20 22 24 24 24 25 26 26 30 31 31 34 34 34 36 37 40 41 42 42 42 44 47 47 47 49 50 51 51 52 52 54 54 55 56 57 57 58 59 60 60 62 63 63 63 65 66 68 68 68 68 69 71 73 75 75 78 78 79 80 80 83 83 84 85 88 89 89 90 92 92 92 93 93 95 99 99 100 100 
 Nastepna tablica
3 42 63 32 81 48 67 92 60 46 53 92 53 7 78 1 31 83 64 24 85 78 38 75 83 7 10 95 87 16 100 50 77 96 94 16 16 57 77 73 40 87 39 57 97 49 75 50 69 70 64 73 53 11 10 67 99 19 45 99 96 58 7 97 64 7 12 12 42 56 81 35 22 27 6 49 97 94 11 39 12 2 32 86 63 77 91 22 95 97 38 92 45 16 66 15 45 21 99 29 
 Nastepna tablica
1 2 3 6 7 7 7 7 10 10 11 11 12 12 12 15 16 16 16 16 19 21 22 22 24 27 29 31 32 32 35 38 38 39 39 40 42 42 45 45 45 46 48 49 49 50 50 53 53 53 56 57 57 58 60 63 63 64 64 64 66 67 67 69 70 73 73 75 75 77 77 77 78 78 81 81 83 83 85 86 87 87 91 92 92 92 94 94 95 95 96 96 97 97 97 97 99 99 99 100 
 Nastepna tablica
55 11 93 87 17 29 86 55 41 74 17 68 52 50 7 96 15 92 84 89 42 13 65 5 10 84 39 96 63 36 57 50 61 92 70 57 94 41 69 7 93 17 95 60 82 69 23 71 58 8 94 11 76 55 89 68 12 96 30 61 54 95 44 100 82 65 67 32 87 23 93 79 30 87 79 60 21 61 26 22 83 41 98 50 61 23 63 93 50 43 13 50 19 94 66 10 14 32 14 21 
 Nastepna tablica
5 7 7 8 10 10 11 11 12 13 13 14 14 15 17 17 17 19 21 21 22 23 23 23 26 29 30 30 32 32 36 39 41 41 41 42 43 44 50 50 50 50 50 52 54 55 55 55 57 57 58 60 60 61 61 61 61 63 63 65 65 66 67 68 68 69 69 70 71 74 76 79 79 82 82 83 84 84 86 87 87 87 89 89 92 92 93 93 93 93 94 94 94 95 95 96 96 96 98 100 
 Nastepna tablica
55 19 52 12 39 12 46 40 13 13 53 70 59 7 6 98 54 5 88 61 100 88 26 30 85 9 88 53 31 88 73 91 55 89 92 65 21 20 4 27 34 25 23 38 68 54 66 69 6 1 85 64 50 93 19 22 40 31 89 41 23 64 10 71 33 42 78 28 18 4 68 73 53 13 82 27 36 63 32 96 34 27 65 97 69 13 2 9 100 70 39 93 53 58 63 73 71 68 29 1 
 Nastepna tablica
1 1 2 4 4 5 6 6 7 9 9 10 12 12 13 13 13 13 18 19 19 20 21 22 23 23 25 26 27 27 27 28 29 30 31 31 32 33 34 34 36 38 39 39 40 40 41 42 46 50 52 53 53 53 53 54 54 55 55 58 59 61 63 63 64 64 65 65 66 68 68 68 69 69 70 70 71 71 73 73 73 78 82 85 85 88 88 88 88 89 89 91 92 93 93 96 97 98 100 100 
 Nastepna tablica
88 54 20 87 69 77 56 76 67 76 58 10 44 16 59 33 33 76 96 28 46 82 60 70 34 97 68 4 41 40 19 61 63 95 46 37 7 97 95 34 44 74 34 60 74 46 78 15 64 70 88 75 49 5 25 75 17 77 7 28 10 15 6 24 53 84 3 10 54 5 97 89 27 34 22 57 24 51 95 32 32 19 68 33 46 60 62 81 2 54 54 35 74 95 67 45 84 7 83 91 
 Nastepna tablica
2 3 4 5 5 6 7 7 7 10 10 10 15 15 16 17 19 19 20 22 24 24 25 27 28 28 32 32 33 33 33 34 34 34 34 35 37 40 41 44 44 45 46 46 46 46 49 51 53 54 54 54 54 56 57 58 59 60 60 60 61 62 63 64 67 67 68 68 69 70 70 74 74 74 75 75 76 76 76 77 77 78 81 82 83 84 84 87 88 88 89 91 95 95 95 95 96 97 97 97 
 Nastepna tablica
58 46 50 36 88 30 19 67 84 73 62 8 80 43 98 14 95 19 87 3 69 24 27 30 89 70 70 53 92 22 14 83 63 46 64 43 43 40 24 46 44 42 23 78 33 30 7 83 58 34 99 34 39 75 44 56 8 38 31 87 51 80 95 47 74 18 65 56 21 35 43 7 88 100 70 14 25 32 31 100 19 6 20 69 79 99 94 66 45 53 53 92 91 100 64 39 90 55 67 24 
 Nastepna tablica
3 6 7 7 8 8 14 14 14 18 19 19 19 20 21 22 23 24 24 24 25 27 30 30 30 31 31 32 33 34 34 35 36 38 39 39 40 42 43 43 43 43 44 44 45 46 46 46 47 50 51 53 53 53 55 56 56 58 58 62 63 64 64 65 66 67 67 69 69 70 70 70 73 74 75 78 79 80 80 83 83 84 87 87 88 88 89 90 91 92 92 94 95 95 98 99 99 100 100 100 
 Nastepna tablica
62 86 82 58 90 9 86 1 38 1 38 12 92 85 20 45 70 85 68 15 75 49 98 19 12 100 55 34 39 63 68 74 16 3 18 58 24 40 5 27 64 22 67 24 51 73 96 10 98 19 28 41 99 40 40 61 60 63 45 64 46 68 57 68 81 21 63 28 57 84 81 87 69 9 64 68 68 48 27 79 1 22 72 8 51 93 44 18 29 73 78 59 58 8 73 46 28 8 33 43 
 Nastepna tablica
1 1 1 3 5 8 8 8 9 9 10 12 12 15 16 18 18 19 19 20 21 22 22 24 24 27 27 28 28 28 29 33 34 38 38 39 40 40 40 41 43 44 45 45 46 46 48 49 51 51 55 57 57 58 58 58 59 60 61 62 63 63 63 64 64 64 67 68 68 68 68 68 68 69 70 72 73 73 73 74 75 78 79 81 81 82 84 85 85 86 86 87 90 92 93 96 98 98 99 100 
 Nastepna tablica
86 83 87 86 4 79 39 27 5 44 11 81 59 47 1 73 22 20 94 29 54 10 1 96 55 5 42 89 78 68 15 4 66 56 82 67 26 13 9 13 92 72 70 47 94 44 19 48 33 17 93 11 52 54 99 18 78 98 10 17 94 1 31 71 81 7 84 15 40 90 94 95 81 27 74 54 44 99 66 36 67 96 31 51 13 85 61 19 30 38 42 25 84 75 39 23 79 24 55 90 
 Nastepna tablica
1 1 1 4 4 5 5 7 9 10 10 11 11 13 13 13 15 15 17 17 18 19 19 20 22 23 24 25 26 27 27 29 30 31 31 33 36 38 39 39 40 42 42 44 44 44 47 47 48 51 52 54 54 54 55 55 56 59 61 66 66 67 67 68 70 71 72 73 74 75 78 78 79 79 81 81 81 82 83 84 84 85 86 86 87 89 90 90 92 93 94 94 94 94 95 96 96 98 99 99 
 Nastepna tablica
95 21 13 97 86 55 17 81 57 59 54 98 100 85 18 78 80 47 73 87 71 95 58 13 68 86 36 100 33 7 84 55 19 20 28 70 21 15 44 85 23 7 94 17 36 60 51 95 30 52 100 67 93 20 30 59 79 67 86 99 46 41 43 87 14 94 33 19 57 15 86 62 80 89 71 2 12 45 78 47 93 9 33 95 85 13 49 76 56 48 56 40 51 24 24 65 98 86 25 75 
 Nastepna tablica
2 7 7 9 12 13 13 13 14 15 15 17 17 18 19 19 20 20 21 21 23 24 24 25 28 30 30 33 33 33 36 36 40 41 43 44 45 46 47 47 48 49 51 51 52 54 55 55 56 56 57 57 58 59 59 60 62 65 67 67 68 70 71 71 73 75 76 78 78 79 80 80 81 84 85 85 85 86 86 86 86 86 87 87 89 93 93 94 94 95 95 95 95 97 98 98 99 100 100 100 
 Nastepna tablica
27 15 29 47 11 52 5 21 19 17 35 49 8 24 78 62 26 22 61 59 23 90 20 66 2 41 7 10 66 38 40 59 25 19 11 85 9 76 20 93 82 30 77 62 91 74 33 84 25 79 96 34 45 90 84 82 57 21 55 17 91 57 82 83 78 51 89 27 77 69 72 66 83 89 81 50 71 32 7 71 53 64 7 9 33 6 93 43 96 42 57 23 56 15 58 50 99 16 43 98 
 Nastepna tablica
2 5 6 7 7 7 8 9 9 10 11 11 15 15 16 17 17 19 19 20 20 21 21 22 23 23 24 25 25 26 27 27 29 30 32 33 33 34 35 38 40 41 42 43 43 45 47 49 50 50 51 52 53 55 56 57 57 57 58 59 59 61 62 62 64 66 66 66 69 71 71 72 74 76 77 77 78 78 79 81 82 82 82 83 83 84 84 85 89 89 90 90 91 91 93 93 96 96 98 99 
 Nastepna tablica
99 75 60 14 4 51 75 20 55 68 40 84 74 74 30 61 7 32 27 34 62 37 49 35 57 16 45 84 70 32 1 97 35 2 81 94 85 50 7 17 27 88 80 14 48 51 88 78 36 58 37 95 58 15 23 74 34 32 60 70 98 4 82 65 94 94 71 61 92 40 45 96 84 95 74 71 100 24 95 19 63 42 77 89 87 3 91 96 8 32 48 84 19 49 24 81 23 87 2 57 
 Nastepna tablica
1 2 2 3 4 4 7 7 8 14 14 15 16 17 19 19 20 23 23 24 24 27 27 30 32 32 32 32 34 34 35 35 36 37 37 40 40 42 45 45 48 48 49 49 50 51 51 55 57 57 58 58 60 60 61 61 62 63 65 68 70 70 71 71 74 74 74 74 75 75 77 78 80 81 81 82 84 84 84 84 85 87 87 88 88 89 91 92 94 94 94 95 95 95 96 96 97 98 99 100 
 Nastepna tablica
91 56 45 54 33 56 7 91 9 2 45 85 12 7 37 5 6 76 84 32 6 50 100 21 30 1 49 66 87 89 82 14 73 45 78 23 26 41 36 3 87 75 23 83 84 8 10 54 41 60 51 55 37 87 71 6 22 9 66 16 88 5 91 25 59 77 41 14 27 49 83 91 75 21 65 62 58 99 92 40 8 62 32 44 87 76 20 50 15 6 6 66 16 69 40 37 28 31 14 75 
 Nastepna tablica
1 2 3 5 5 6 6 6 6 6 7 7 8 8 9 9 10 12 14 14 14 15 16 16 20 21 21 22 23 23 25 26 27 28 30 31 32 32 33 36 37 37 37 40 40 41 41 41 44 45 45 45 49 49 50 50 51 54 54 55 56 56 58 59 60 62 62 65 66 66 66 69 71 73 75 75 75 76 76 77 78 82 83 83 84 84 85 87 87 87 87 88 89 91 91 91 91 92 99 100 
 Nastepna tablica
45 80 76 94 72 58 95 77 58 99 83 57 17 70 15 20 22 83 44 90 26 39 87 25 67 87 50 88 56 71 97 99 67 30 49 13 74 28 88 61 52 60 18 19 10 56 80 10 50 37 43 54 62 3 43 44 79 57 73 75 16 45 78 82 58 31 100 71 6 18 74 82 89 66 71 2 54 8 55 83 25 3 17 93 95 12 64 80 6 81 1 16 70 45 28 31 61 79 3 45 
 Nastepna tablica
1 2 3 3 3 6 6 8 10 10 12 13 15 16 16 17 17 18 18 19 20 22 25 25 26 28 28 30 31 31 37 39 43 43 44 44 45 45 45 45 49 50 50 52 54 54 55 56 56 57 57 58 58 58 60 61 61 62 64 66 67 67 70 70 71 71 71 72 73 74 74 75 76 77 78 79 79 80 80 80 81 82 82 83 83 83 87 87 88 88 89 90 93 94 95 95 97 99 99 100 
 Nastepna tablica
51 96 67 51 60 69 16 39 46 94 23 79 45 8 74 16 90 25 92 64 48 25 93 23 17 83 8 23 96 34 60 42 89 81 4 21 34 82 98 86 76 34 21 49 22 47 53 22 41 86 56 69 43 87 47 64 6 19 30 45 63 92 83 55 28 43 40 83 26 87 1 54 98 28 37 49 10 82 35 100 7 87 3 7 81 98 97 61 91 93 30 26 39 78 54 4 73 29 85 70 
 Nastepna tablica
1 3 4 4 6 7 7 8 8 10 16 16 17 19 21 21 22 22 23 23 23 25 25 26 26 28 28 29 30 30 34 34 34 35 37 39 39 40 41 42 43 43 45 45 46 47 47 48 49 49 51 51 53 54 54 55 56 60 60 61 63 64 64 67 69 69 70 73 74 76 78 79 81 81 82 82 83 83 83 85 86 86 87 87 87 89 90 91 92 92 93 93 94 96 96 97 98 98 98 100 
 Nastepna tablica
96 29 8 48 60 60 83 45 75 36 68 97 33 4 3 65 93 54 44 1 83 34 24 30 47 50 88 96 87 7 65 57 80 24 9 27 69 27 86 38 28 1 68 86 33 57 78 36 56 51 96 54 86 76 83 68 87 33 4 100 95 57 98 57 95 81 58 12 61 11 96 43 94 1 91 94 14 54 1 23 25 81 28 17 37 44 37 88 72 16 59 3 84 76 14 26 68 42 20 78 
 Nastepna tablica
1 1 1 1 3 3 4 4 7 8 9 11 12 14 14 16 17 20 23 24 24 25 26 27 27 28 28 29 30 33 33 33 34 36 36 37 37 38 42 43 44 44 45 47 48 50 51 54 54 54 56 57 57 57 57 58 59 60 60 61 65 65 68 68 68 68 69 72 75 76 76 78 78 80 81 81 83 83 83 84 86 86 86 87 87 88 88 91 93 94 94 95 95 96 96 96 96 97 98 100 
 Nastepna tablica
4 41 47 78 72 24 61 74 76 83 68 99 64 4 54 45 63 43 28 11 89 53 77 22 70 10 69 91 71 53 23 90 55 98 96 35 74 26 5 70 16 80 59 47 53 80 88 82 88 23 21 5 42 2 90 28 29 20 5 88 53 21 2 71 37 40 15 15 24 27 20 13 57 66 73 92 13 33 15 98 33 58 67 69 76 46 93 50 2 82 48 31 77 17 95 70 66 81 67 94 
 Nastepna tablica
2 2 2 4 4 5 5 5 10 11 13 13 15 15 15 16 17 20 20 21 21 22 23 23 24 24 26 27 28 28 29 31 33 33 35 37 40 41 42 43 45 46 47 47 48 50 53 53 53 53 54 55 57 58 59 61 63 64 66 66 67 67 68 69 69 70 70 70 71 71 72 73 74 74 76 76 77 77 78 80 80 81 82 82 83 88 88 88 89 90 90 91 92 93 94 95 96 98 98 99 
 Nastepna tablica
91 79 74 28 20 7 100 61 79 19 59 51 9 95 40 84 82 72 23 8 52 25 80 65 15 51 72 59 19 76 34 19 22 2 35 98 15 21 46 95 64 62 44 25 92 69 94 2 96 98 21 77 7 87 31 53 19 26 14 97 34 36 82 78 73 13 78 28 88 74 4 70 55 15 29 93 19 30 42 14 99 7 56 25 92 62 58 56 18 46 97 73 14 83 32 37 17 26 13 13 
 Nastepna tablica
2 2 4 7 7 7 8 9 13 13 13 14 14 14 15 15 15 17 18 19 19 19 19 19 20 21 21 22 23 25 25 25 26 26 28 28 29 30 31 32 34 34 35 36 37 40 42 44 46 46 51 51 52 53 55 56 56 58 59 59 61 62 62 64 65 69 70 72 72 73 73 74 74 76 77 78 78 79 79 80 82 82 83 84 87 88 91 92 92 93 94 95 95 96 97 97 98 98 99 100 
 Nastepna tablica
75 16 85 73 56 64 83 23 53 9 16 20 82 47 43 45 22 89 32 17 51 15 73 62 52 24 92 30 33 91 50 74 70 41 27 97 79 62 39 66 54 86 96 29 81 34 29 53 9 87 47 14 39 33 94 65 6 79 22 1 81 22 74 55 71 99 44 73 17 62 99 2 42 57 22 21 12 16 65 52 30 62 13 99 45 36 47 74 27 88 1 71 98 1 37 91 29 49 46 78 
 Nastepna tablica
1 1 1 2 6 9 9 12 13 14 15 16 16 16 17 17 20 21 22 22 22 22 23 24 27 27 29 29 29 30 30 32 33 33 34 36 37 39 39 41 42 43 44 45 45 46 47 47 47 49 50 51 52 52 53 53 54 55 56 57 62 62 62 62 64 65 65 66 70 71 71 73 73 73 74 74 74 75 78 79 79 81 81 82 83 85 86 87 88 89 91 91 92 94 96 97 98 99 99 99 
 Nastepna tablica
37 79 71 5 34 34 49 51 36 69 4 7 84 1 99 70 77 24 61 68 28 67 31 95 31 2 94 7 29 71 23 91 87 96 33 96 5 45 86 48 56 41 70 6 67 72 89 60 55 61 28 55 84 88 62 42 76 7 71 50 14 89 88 37 27 63 99 30 64 98 66 15 21 8 91 92 71 58 23 12 76 79 48 32 63 99 3 52 38 91 94 97 88 46 72 44 94 59 18 49 
 Nastepna tablica
1 2 3 4 5 5 6 7 7 7 8 12 14 15 18 21 23 23 24 27 28 28 29 30 31 31 32 33 34 34 36 37 37 38 41 42 44 45 46 48 48 49 49 50 51 52 55 55 56 58 59 60 61 61 62 63 63 64 66 67 67 68 69 70 70 71 71 71 71 72 72 76 76 77 79 79 84 84 86 87 88 88 88 89 89 91 91 91 92 94 94 94 95 96 96 97 98 99 99 99 
 Nastepna tablica
73 85 34 97 25 47 95 33 17 29 56 75 19 74 56 51 29 1 78 36 64 61 64 43 52 68 29 47 36 63 10 49 63 83 29 10 42 64 17 90 84 65 38 40 69 43 90 91 75 8 66 19 18 63 81 77 68 95 93 91 11 21 31 55 23 78 6 45 20 68 91 47 49 64 95 37 24 12 24 85 20 53 100 60 73 100 16 42 26 81 93 27 61 44 41 47 3 43 72 3 
 Nastepna tablica
1 3 3 6 8 10 10 11 12 16 17 17 18 19 19 20 20 21 23 24 24 25 26 27 29 29 29 29 31 33 34 36 36 37 38 40 41 42 42 43 43 43 44 45 47 47 47 47 49 49 51 52 53 55 56 56 60 61 61 63 63 63 64 64 64 64 65 66 68 68 68 69 72 73 73 74 75 75 77 78 78 81 81 83 84 85 85 90 90 91 91 91 93 93 95 95 95 97 100 100 
 Nastepna tablica
89 100 59 7 15 39 16 38 30 11 3 61 48 49 33 96 43 12 11 75 10 63 37 48 65 76 35 28 82 35 24 55 55 62 94 39 14 54 69 88 43 62 39 34 100 22 35 71 95 3 76 4 67 97 25 85 88 89 47 95 68 88 42 49 70 28 43 94 6 85 45 75 61 59 20 76 15 54 99 100 98 13 24 76 69 19 4 79 64 28 43 99 30 56 30 39 28 33 88 21 
 Nastepna tablica
3 3 4 4 6 7 10 11 11 12 13 14 15 15 16 19 20 21 22 24 24 25 28 28 28 28 30 30 30 33 33 34 35 35 35 37 38 39 39 39 39 42 43 43 43 43 45 47 48 48 49 49 54 54 55 55 56 59 59 61 61 62 62 63 64 65 67 68 69 69 70 71 75 75 76 76 76 76 79 82 85 85 88 88 88 88 89 89 94 94 95 95 96 97 98 99 99 100 100 100 
 Nastepna tablica
80 29 58 90 30 93 61 20 25 67 100 75 42 75 39 100 20 46 16 9 15 31 64 49 99 6 39 19 7 80 47 88 19 24 34 34 5 83 23 54 59 75 72 61 86 59 9 75 17 12 47 64 69 35 17 12 63 53 47 57 23 3 9 54 99 100 58 50 23 55 30 21 4 33 65 98 74 98 22 90 19 67 42 72 97 80 48 45 78 67 12 30 74 1 98 72 61 27 66 51 
 Nastepna tablica
1 3 4 5 6 7 9 9 9 12 12 12 15 16 17 17 19 19 19 20 20 21 22 23 23 23 24 25 27 29 30 30 30 31 33 34 34 35 39 39 42 42 45 46 47 47 47 48 49 50 51 53 54 54 55 57 58 58 59 59 61 61 61 63 64 64 65 66 67 67 67 69 72 72 72 74 74 75 75 75 75 78 80 80 80 83 86 88 90 90 93 97 98 98 98 99 99 100 100 100 
 Nastepna tablica
27 28 14 26 12 49 16 97 59 25 5 88 10 41 96 100 19 71 35 64 25 27 83 22 2 42 10 81 40 63 50 28 9 22 39 28 27 79 17 47 4 6 87 10 75 84 63 61 63 74 67 72 79 97 59 88 94 90 41 81 28 46 17 78 38 21 9 44 90 26 44 40 53 71 68 48 21 23 73 2 74 59 28 33 45 89 94 60 15 73 58 62 18 30 65 69 60 77 95 49 
 Nastepna tablica
2 2 4 5 6 9 9 10 10 10 12 14 15 16 17 17 18 19 21 21 22 22 23 25 25 26 26 27 27 27 28 28 28 28 28 30 33 35 38 39 40 40 41 41 42 44 44 45 46 47 48 49 49 50 53 58 59 59 59 60 60 61 62 63 63 63 64 65 67 68 69 71 71 72 73 73 74 74 75 77 78 79 79 81 81 83 84 87 88 88 89 90 90 94 94 95 96 97 97 100 
 Nastepna tablica
68 48 92 79 59 50 84 53 20 5 88 48 67 92 78 1 22 99 63 12 7 23 34 38 28 86 8 48 1 6 74 8 94 45 46 72 53 5 7 33 4 24 46 98 42 7 41 17 2 71 57 53 93 68 73 9 5 98 15 64 65 56 90 77 55 67 43 36 15 30 44 58 2 23 44 57 7 67 16 52 41 97 89 38 70 100 55 8 22 34 41 12 31 11 59 35 71 51 5 27 
 Nastepna tablica
1 1 2 2 4 5 5 5 5 6 7 7 7 7 8 8 8 9 11 12 12 15 15 16 17 20 22 22 23 23 24 27 28 30 31 33 34 34 35 36 38 38 41 41 41 42 43 44 44 45 46 46 48 48 48 50 51 52 53 53 53 55 55 56 57 57 58 59 59 63 64 65 67 67 67 68 68 70 71 71 72 73 74 77 78 79 84 86 88 89 90 92 92 93 94 97 98 98 99 100 
 Nastepna tablica
30 19 8 45 33 94 29 37 83 3 36 28 24 21 59 61 84 80 24 83 49 78 64 57 27 48 33 19 90 13 40 8 1 31 47 13 50 45 71 25 2 13 37 29 26 31 86 54 90 66 31 45 85 94 42 38 89 81 99 24 21 17 46 52 36 58 45 96 64 100 92 82 6 24 59 28 24 36 76 94 88 15 62 26 55 98 25 72 34 20 14 35 35 80 69 2 59 88 58 58 
 Nastepna tablica
1 2 2 3 6 8 8 13 13 13 14 15 17 19 19 20 21 21 24 24 24 24 24 25 25 26 26 27 28 28 29 29 30 31 31 31 33 33 34 35 35 36 36 36 37 37 38 40 42 45 45 45 45 46 47 48 49 50 52 54 55 57 58 58 58 59 59 59 61 62 64 64 66 69 71 72 76 78 80 80 81 82 83 83 84 85 86 88 88 89 90 90 92 94 94 94 96 98 99 100 
 Nastepna tablica
47 63 65 75 17 96 78 89 80 22 87 97 23 84 7 52 45 86 47 47 89 43 74 27 28 28 14 79 39 45 9 52 67 91 18 81 2 57 73 31 28 31 64 50 86 27 23 100 6 38 96 22 58 92 43 33 97 43 1 10 19 17 92 86 21 18 67 79 38 99 25 67 56 45 39 18 9 34 73 13 11 82 46 1 94 9 21 77 25 51 38 60 60 56 37 27 100 65 43 62 
 Nastepna tablica
1 1 2 6 7 9 9 9 10 11 13 14 17 17 18 18 18 19 21 21 22 22 23 23 25 25 27 27 27 28 28 28 31 31 33 34 37 38 38 38 39 39 43 43 43 43 45 45 45 46 47 47 47 50 51 52 52 56 56 57 58 60 60 62 63 64 65 65 67 67 67 73 73 74 75 77 78 79 79 80 81 82 84 86 86 86 87 89 89 91 92 92 94 96 96 97 97 99 100 100 
 Nastepna tablica
47 78 22 64 50 2 32 4 9 24 91 17 2 27 23 97 88 100 11 38 32 98 21 5 93 18 13 100 89 1 36 25 32 19 84 51 24 52 10 21 73 80 43 32 78 67 9 90 16 40 86 88 27 7 29 60 66 51 87 20 34 8 84 41 34 44 71 43 86 65 35 20 5 56 70 67 31 44 70 8 27 64 59 25 17 85 100 46 71 76 69 92 45 19 48 86 47 38 42 13 
 Nastepna tablica
1 2 2 4 5 5 7 8 8 9 9 10 11 13 13 16 17 17 18 19 19 20 20 21 21 22 23 24 24 25 25 27 27 27 29 31 32 32 32 32 34 34 35 36 38 38 40 41 42 43 43 44 44 45 46 47 47 48 50 51 51 52 56 59 60 64 64 65 66 67 67 69 70 70 71 71 73 76 78 78 80 84 84 85 86 86 86 87 88 88 89 90 91 92 93 97 98 100 100 100 
 Nastepna tablica
38 20 81 94 53 35 44 26 86 80 59 13 51 46 39 98 66 26 16 26 45 7 65 11 58 51 7 47 70 26 31 61 46 17 81 43 74 65 77 64 26 49 83 48 63 21 13 86 7 1 22 5 67 26 24 66 71 99 95 17 51 90 36 74 1 36 51 74 39 62 17 66 63 74 68 55 48 89 96 22 27 98 9 26 65 47 26 33 78 10 98 63 15 84 30 33 92 73 94 68 
 Nastepna tablica
1 1 5 7 7 7 9 10 11 13 13 15 16 17 17 17 20 21 22 22 24 26 26 26 26 26 26 26 26 27 30 31 33 33 35 36 36 38 39 39 43 44 45 46 46 47 47 48 48 49 51 51 51 51 53 55 58 59 61 62 63 63 63 64 65 65 65 66 66 66 67 68 68 70 71 73 74 74 74 74 77 78 80 81 81 83 84 86 86 89 90 92 94 94 95 96 98 98 98 99 
 Nastepna tablica
97 38 15 35 38 90 92 58 68 54 47 97 78 21 59 74 8 84 27 47 98 14 22 90 97 22 21 5 2 72 36 80 7 73 24 68 85 19 56 51 34 48 55 93 40 90 70 9 79 15 79 100 16 54 25 49 45 22 16 87 71 29 83 39 73 79 36 88 3 28 12 67 62 35 52 82 22 5 63 62 70 18 41 41 75 90 20 61 84 98 65 94 7 52 100 80 11 100 75 4 
 Nastepna tablica
2 3 4 5 5 7 7 8 9 11 12 14 15 15 16 16 18 19 20 21 21 22 22 22 22 24 25 27 28 29 34 35 35 36 36 38 38 39 40 41 41 45 47 47 48 49 51 52 52 54 54 55 56 58 59 61 62 62 63 65 67 68 68 70 70 71 72 73 73 74 75 75 78 79 79 79 80 80 82 83 84 84 85 87 88 90 90 90 90 92 93 94 97 97 97 98 98 100 100 100 
 Nastepna tablica
13 69 64 16 89 16 2 62 91 86 10 74 22 36 11 10 79 30 38 22 16 100 18 35 43 33 3 16 82 45 41 20 5 42 71 82 86 85 5 50 11 97 71 24 49 45 83 39 96 66 65 35 60 3 92 9 74 80 60 30 25 56 65 59 90 63 47 89 10 3 100 61 43 55 58 69 82 52 93 78 87 6 39 77 73 23 79 41 88 50 94 47 24 39 16 6 13 28 86 32 
 Nastepna tablica
2 3 3 3 5 5 6 6 9 10 10 10 11 11 13 13 16 16 16 16 16 18 20 22 22 23 24 24 25 28 30 30 32 33 35 35 36 38 39 39 39 41 41 42 43 43 45 45 47 47 49 50 50 52 55 56 58 59 60 60 61 62 63 64 65 65 66 69 69 71 71 73 74 74 77 78 79 79 80 82 82 82 83 85 86 86 86 87 88 89 89 90 91 92 93 94 96 97 100 100 
 Nastepna tablica
91 3 96 60 38 90 2 36 22 31 15 78 43 2 17 67 29 68 38 43 38 81 14 67 40 36 3 68 8 85 41 51 75 7 69 42 13 16 24 94 59 89 20 37 49 30 11 62 75 82 31 18 35 27 48 61 80 17 31 42 77 30 16 91 18 77 67 21 10 27 60 86 84 30 19 84 48 6 85 61 40 73 24 63 19 26 12 10 28 20 15 83 12 76 2 72 50 35 74 37 
 Nastepna tablica
2 2 2 3 3 6 7 8 10 10 11 12 12 13 14 15 15 16 16 17 17 18 18 19 19 20 20 21 22 24 24 26 27 27 28 29 30 30 30 31 31 31 35 35 36 36 37 37 38 38 38 40 40 41 42 42 43 43 48 48 49 50 51 59 60 60 61 61 62 63 67 67 67 68 68 69 72 73 74 75 75 76 77 77 78 80 81 82 83 84 84 85 85 86 89 90 91 91 94 96 
 Nastepna tablica
35 37 70 65 74 59 93 66 84 3 22 73 94 17 18 61 27 96 6 33 81 83 70 4 68 13 45 53 85 75 77 55 52 36 98 19 11 42 94 27 57 3 60 9 60 86 21 57 54 71 86 27 14 73 47 73 61 86 71 35 79 52 66 31 23 70 75 47 61 16 6 65 32 8 57 58 27 53 5 50 60 69 59 27 11 25 67 53 35 20 33 93 66 54 67 8 38 94 18 90 
 Nastepna tablica
3 3 4 5 6 6 8 8 9 11 11 13 14 16 17 18 18 19 20 21 22 23 25 27 27 27 27 27 31 32 33 33 35 35 35 36 37 38 42 45 47 47 50 52 52 53 53 53 54 54 55 57 57 57 58 59 59 60 60 60 61 61 61 65 65 66 66 66 67 67 68 69 70 70 70 71 71 73 73 73 74 75 75 77 79 81 83 84 85 86 86 86 90 93 93 94 94 94 96 98 
 Nastepna tablica
32 81 52 65 68 32 54 48 5 20 49 65 98 57 18 74 37 73 58 24 63 21 67 76 92 33 77 91 12 15 99 91 75 6 94 46 49 77 82 82 13 60 34 82 15 47 11 20 99 16 44 31 80 47 97 39 48 44 27 3 26 91 74 39 90 85 26 74 60 21 91 1 11 42 13 72 19 71 6 88 53 18 25 38 46 69 30 11 3 73 23 65 51 93 87 61 17 20 49 9 
 Nastepna tablica
1 3 3 5 6 6 9 11 11 11 12 13 13 15 15 16 17 18 18 19 20 20 20 21 21 23 24 25 26 26 27 30 31 32 32 33 34 37 38 39 39 42 44 44 46 46 47 47 48 48 49 49 49 51 52 53 54 57 58 60 60 61 63 65 65 65 67 68 69 71 72 73 73 74 74 74 75 76 77 77 80 81 82 82 82 85 87 88 90 91 91 91 91 92 93 94 97 98 99 99 
 Nastepna tablica
8 94 83 56 44 100 3 100 50 41 23 75 95 43 100 68 21 74 64 32 35 3 35 17 55 41 2 58 45 37 31 72 65 75 16 72 95 100 99 85 5 53 33 20 2 87 42 2 54 32 81 45 7 51 72 22 70 71 2 6 73 66 11 71 63 92 96 12 28 77 92 36 79 51 65 36 97 78 23 8 61 62 50 67 84 99 14 72 53 3 88 88 77 70 31 69 31 21 52 49 
 Nastepna tablica
2 2 2 2 3 3 3 5 6 7 8 8 11 12 14 16 17 20 21 21 22 23 23 28 31 31 31 32 32 33 35 35 36 36 37 41 41 42 43 44 45 45 49 50 50 51 51 52 53 53 54 55 56 58 61 62 63 64 65 65 66 67 68 69 70 70 71 71 72 72 72 72 73 74 75 75 77 77 78 79 81 83 84 85 87 88 88 92 92 94 95 95 96 97 99 99 100 100 100 100 
 Nastepna tablica
56 26 13 56 61 59 31 42 77 77 19 49 80 64 58 25 16 60 41 44 55 70 52 60 45 72 1 59 88 53 67 31 94 13 95 2 66 21 31 31 20 42 46 77 49 90 83 52 30 50 73 78 25 86 70 19 46 34 6 20 87 30 43 41 78 69 74 57 38 29 17 7 48 34 51 33 99 36 51 55 62 46 29 33 37 20 69 5 88 79 94 57 39 12 34 8 48 86 58 94 
 Nastepna tablica
1 2 5 6 7 8 12 13 13 16 17 19 19 20 20 20 21 25 25 26 29 29 30 30 31 31 31 31 33 33 34 34 34 36 37 38 39 41 41 42 42 43 44 45 46 46 46 48 48 49 49 50 51 51 52 52 53 55 55 56 56 57 57 58 58 59 59 60 60 61 62 64 66 67 69 69 70 70 72 73 74 77 77 77 78 78 79 80 83 86 86 87 88 88 90 94 94 94 95 99 
 Nastepna tablica
85 20 28 41 29 42 87 85 55 86 44 47 29 26 2 62 29 85 99 94 29 99 21 66 16 33 49 67 61 60 55 9 8 84 22 49 73 88 46 56 71 36 64 52 58 36 20 72 1 11 62 72 35 14 78 98 86 82 48 59 16 83 44 25 2 26 45 56 38 30 52 27 97 30 63 29 85 82 79 96 75 76 79 34 53 80 58 61 46 31 79 99 58 47 75 51 23 99 94 58 
 Nastepna tablica
1 2 2 8 9 11 14 16 16 20 20 21 22 23 25 26 26 27 28 29 29 29 29 29 30 30 31 33 34 35 36 36 38 41 42 44 44 45 46 46 47 47 48 49 49 51 52 52 53 55 55 56 56 58 58 58 58 59 60 61 61 62 62 63 64 66 67 71 72 72 73 75 75 76 78 79 79 79 80 82 82 83 84 85 85 85 85 86 86 87 88 94 94 96 97 98 99 99 99 99 
 Nastepna tablica
60 86 1 37 41 33 19 82 31 74 79 94 9 74 26 46 7 85 93 93 19 32 41 80 42 12 66 90 60 38 88 58 81 78 57 47 10 19 22 56 55 50 59 9 19 19 30 49 30 13 15 15 25 54 24 61 100 98 6 35 56 94 33 69 95 25 23 45 68 82 22 67 29 20 25 82 15 97 73 58 5 17 28 9 45 79 66 83 80 29 18 69 87 1 51 43 5 42 4 6 
 Nastepna tablica
1 1 4 5 5 6 6 7 9 9 9 10 12 13 15 15 15 17 18 19 19 19 19 19 20 22 22 23 24 25 25 25 26 28 29 29 30 30 31 32 33 33 35 37 38 41 41 42 42 43 45 45 46 47 49 50 51 54 55 56 56 57 58 58 59 60 60 61 66 66 67 68 69 69 73 74 74 78 79 79 80 80 81 82 82 82 83 85 86 87 88 90 93 93 94 94 95 97 98 100 
 Nastepna tablica
11 96 49 38 74 87 19 40 35 22 89 61 89 47 72 47 86 41 28 58 39 26 100 33 57 10 87 71 56 83 40 99 28 19 60 38 49 55 90 35 15 49 31 24 16 20 90 61 52 86 89 69 44 43 14 91 63 49 73 85 75 27 11 15 2 57 58 71 30 28 17 81 49 50 7 80 4 85 95 34 40 16 51 77 75 98 29 66 33 1 57 30 98 58 64 35 13 32 5 48 
 Nastepna tablica
1 2 4 5 7 10 11 11 13 14 15 15 16 16 17 19 19 20 22 24 26 27 28 28 28 29 30 30 31 32 33 33 34 35 35 35 38 38 39 40 40 40 41 43 44 47 47 48 49 49 49 49 49 50 51 52 55 56 57 57 57 58 58 58 60 61 61 63 64 66 69 71 71 72 73 74 75 75 77 80 81 83 85 85 86 86 87 87 89 89 89 90 90 91 95 96 98 98 99 100 
 Nastepna tablica
69 6 22 8 27 13 77 76 77 20 35 46 45 74 64 49 57 9 49 71 85 28 11 50 74 88 49 98 1 83 79 25 63 57 27 8 100 42 88 62 37 75 30 30 19 55 2 58 25 62 14 73 69 41 90 68 93 97 20 37 35 25 13 31 87 81 58 30 49 57 74 30 70 92 36 46 47 5 23 87 95 35 35 1 28 37 72 81 97 29 34 35 79 32 59 66 94 78 9 46 
 Nastepna tablica
1 1 2 5 6 8 8 9 9 11 13 13 14 19 20 20 22 23 25 25 25 27 27 28 28 29 30 30 30 30 31 32 34 35 35 35 35 35 36 37 37 37 41 42 45 46 46 46 47 49 49 49 49 50 55 57 57 57 58 58 59 62 62 63 64 66 68 69 69 70 71 72 73 74 74 74 75 76 77 77 78 79 79 81 81 83 85 87 87 88 88 90 92 93 94 95 97 97 98 100 
 Nastepna tablica
80 94 53 13 68 85 76 9 72 83 72 89 24 14 26 6 34 54 19 56 34 29 19 41 87 19 89 5 14 12 12 19 31 1 66 19 1 29 47 92 98 97 16 64 83 46 69 97 56 21 47 6 63 39 71 55 49 86 62 33 25 12 69 70 98 14 37 27 55 68 81 26 25 7 73 11 20 7 85 37 85 10 58 47 92 100 89 68 44 49 88 38 15 40 18 10 40 14 13 26 
 Nastepna tablica
1 1 5 6 6 7 7 9 10 10 11 12 12 12 13 13 14 14 14 14 15 16 18 19 19 19 19 19 20 21 24 25 25 26 26 26 27 29 29 31 33 34 34 37 37 38 39 40 40 41 44 46 47 47 47 49 49 53 54 55 55 56 56 58 62 63 64 66 68 68 68 69 69 70 71 72 72 73 76 80 81 83 83 85 85 85 86 87 88 89 89 89 92 92 94 97 97 98 98 100 
 Nastepna tablica
89 74 78 100 18 17 13 43 95 13 30 19 14 14 43 70 69 21 42 64 17 40 1 87 15 93 1 40 77 31 60 43 44 54 10 58 96 51 61 11 81 3 95 55 57 67 9 75 23 8 38 85 34 71 82 48 1 96 60 51 25 78 96 15 3 50 16 67 48 14 29 72 93 59 46 16 28 26 17 36 29 99 85 92 97 39 39 2 97 7 43 28 25 20 58 86 94 98 10 23 
 Nastepna tablica
1 1 1 2 3 3 7 8 9 10 10 11 13 13 14 14 14 15 15 16 16 17 17 17 18 19 20 21 23 23 25 25 26 28 28 29 29 30 31 34 36 38 39 39 40 40 42 43 43 43 43 44 46 48 48 50 51 51 54 55 57 58 58 59 60 60 61 64 67 67 69 70 71 72 74 75 77 78 78 81 82 85 85 86 87 89 92 93 93 94 95 95 96 96 96 97 97 98 99 100 
 Nastepna tablica
48 92 49 93 60 21 45 63 3 96 51 30 3 32 63 44 66 22 59 69 3 88 36 10 84 99 74 71 93 36 2 75 42 54 68 47 85 95 29 15 48 60 11 48 42 77 51 51 28 45 56 8 96 94 58 63 66 9 19 62 85 65 77 31 62 53 60 81 88 22 38 49 61 53 84 47 53 69 39 81 67 21 92 20 100 12 32 72 68 25 59 24 65 21 91 54 7 55 79 16 
 Nastepna tablica
2 3 3 3 7 8 9 10 11 12 15 16 19 20 21 21 21 22 22 24 25 28 29 30 31 32 32 36 36 38 39 42 42 44 45 45 47 47 48 48 48 49 49 51 51 51 53 53 53 54 54 55 56 58 59 59 60 60 60 61 62 62 63 63 63 65 65 66 66 67 68 68 69 69 71 72 74 75 77 77 79 81 81 84 84 85 85 88 88 91 92 92 93 93 94 95 96 96 99 100 
 Nastepna tablica
61 74 12 65 66 93 48 34 56 75 77 31 59 4 16 12 49 68 51 83 76 7 44 29 42 72 63 37 69 9 70 80 49 24 94 18 17 79 25 15 47 97 26 17 13 72 68 1 89 13 79 68 9 26 79 24 2 51 54 56 32 48 96 76 99 38 2 24 28 91 100 6 3 34 46 46 59 79 68 74 43 35 48 50 44 8 20 62 11 88 29 14 80 51 7 13 43 89 86 56 
 Nastepna tablica
1 2 2 3 4 6 7 7 8 9 9 11 12 12 13 13 13 14 15 16 17 17 18 20 24 24 24 25 26 26 28 29 29 31 32 34 34 35 37 38 42 43 43 44 44 46 46 47 48 48 48 49 49 50 51 51 51 54 56 56 56 59 59 61 62 63 65 66 68 68 68 68 69 70 72 72 74 74 75 76 76 77 79 79 79 79 80 80 83 86 88 89 89 91 93 94 96 97 99 100 
 Nastepna tablica
42 60 5 33 43 82 100 19 96 31 59 64 48 18 61 82 23 88 79 39 77 17 18 7 22 49 5 74 90 78 99 42 64 100 27 93 100 73 26 23 13 15 39 39 51 14 24 4 13 22 51 86 18 64 57 52 30 88 80 84 23 71 64 69 57 6 40 24 81 3 26 39 28 67 54 10 8 39 79 15 43 78 53 47 4 59 20 93 66 27 74 6 42 34 79 14 49 86 2 38 
 Nastepna tablica
2 3 4 4 5 5 6 6 7 8 10 13 13 14 14 15 15 17 18 18 18 19 20 22 22 23 23 23 24 24 26 26 27 27 28 30 31 33 34 38 39 39 39 39 39 40 42 42 42 43 43 47 48 49 49 51 51 52 53 54 57 57 59 59 60 61 64 64 64 64 66 67 69 71 73 74 74 77 78 78 79 79 79 80 81 82 82 84 86 86 88 88 90 93 93 96 99 100 100 100 
 Nastepna tablica
42 32 5 70 88 38 9 30 59 41 3 71 40 76 90 39 42 65 13 93 28 10 48 81 88 98 70 44 96 37 94 91 15 89 43 13 2 66 91 90 49 69 47 17 20 48 16 18 57 73 50 9 71 97 17 21 48 95 7 84 15 97 48 6 13 100 83 52 5 98 10 91 5 69 61 25 31 47 39 47 12 77 45 56 44 60 19 45 54 20 24 86 49 59 83 19 55 54 79 94 
 Nastepna tablica
2 3 5 5 5 6 7 9 9 10 10 12 13 13 13 15 15 16 17 17 18 19 19 20 20 21 24 25 28 30 31 32 37 38 39 39 40 41 42 42 43 44 44 45 45 47 47 47 48 48 48 48 49 49 50 52 54 54 55 56 57 59 59 60 61 65 66 69 69 70 70 71 71 73 76 77 79 81 83 83 84 86 88 88 89 90 90 91 91 91 93 94 94 95 96 97 97 98 98 100 
 Nastepna tablica
93 34 92 72 99 54 67 22 50 35 57 99 19 100 15 39 58 91 72 81 50 35 93 85 38 95 73 39 77 12 81 8 94 22 55 82 80 1 23 93 80 93 84 17 35 66 47 17 21 94 53 63 89 35 60 81 19 62 8 14 56 28 46 17 29 91 97 41 39 20 23 46 85 54 57 90 26 31 35 11 65 25 22 100 6 12 36 27 83 62 1 67 83 92 66 2 45 55 6 12 
 Nastepna tablica
1 1 2 6 6 8 8 11 12 12 12 14 15 17 17 17 19 19 20 21 22 22 22 23 23 25 26 27 28 29 31 34 35 35 35 35 35 36 38 39 39 39 41 45 46 46 47 50 50 53 54 54 55 55 56 57 57 58 60 62 62 63 65 66 66 67 67 72 72 73 77 80 80 81 81 81 82 83 83 84 85 85 89 90 91 91 92 92 93 93 93 93 94 94 95 97 99 99 100 100 
 Nastepna tablica
84 89 64 16 26 28 96 41 7 51 5 65 23 88 27 75 78 58 36 35 90 85 16 27 58 90 37 34 19 7 92 31 32 46 45 23 90 9 45 39 99 10 86 78 50 68 35 10 28 66 45 40 93 97 73 33 62 44 22 10 89 91 13 75 10 69 40 84 61 76 96 24 72 64 14 7 66 67 100 69 88 90 87 35 71 84 7 30 18 5 27 82 89 36 83 60 90 61 87 3 
 Nastepna tablica
3 5 5 7 7 7 7 9 10 10 10 10 13 14 16 16 18 19 22 23 23 24 26 27 27 27 28 28 30 31 32 33 34 35 35 35 36 36 37 39 40 40 41 44 45 45 45 46 50 51 58 58 60 61 61 62 64 64 65 66 66 67 68 69 69 71 72 73 75 75 76 78 78 82 83 84 84 84 85 86 87 87 88 88 89 89 89 90 90 90 90 90 91 92 93 96 96 97 99 100 
 Nastepna tablica
16 52 64 79 73 30 57 67 84 35 28 89 70 87 17 4 64 45 12 1 62 56 54 61 47 12 4 13 25 62 95 75 26 47 51 93 58 58 22 99 47 38 80 50 67 77 1 86 77 32 30 7 43 83 80 11 17 81 93 63 78 7 12 53 59 16 43 61 100 65 87 62 23 26 35 3 78 81 33 13 41 72 58 48 84 1 13 61 85 14 25 86 53 34 54 12 11 35 81 20 
 Nastepna tablica
1 1 1 3 4 4 7 7 11 11 12 12 12 12 13 13 13 14 16 16 17 17 20 22 23 25 25 26 26 28 30 30 32 33 34 35 35 35 38 41 43 43 45 47 47 47 48 50 51 52 53 53 54 54 56 57 58 58 58 59 61 61 61 62 62 62 63 64 64 65 67 67 70 72 73 75 77 77 78 78 79 80 80 81 81 81 83 84 84 85 86 86 87 87 89 93 93 95 99 100 
 Nastepna tablica
10 32 62 13 45 93 27 41 83 85 82 42 48 83 16 31 89 90 36 59 63 30 26 25 38 46 72 89 39 56 92 81 16 41 64 28 40 21 42 31 75 7 52 49 18 92 3 36 6 66 67 77 89 71 74 36 30 43 24 39 26 83 58 97 55 38 13 74 60 73 18 14 21 29 19 73 36 11 13 53 96 5 92 9 33 88 2 80 4 57 100 79 53 4 41 92 74 1 64 44 
 Nastepna tablica
1 2 3 4 4 5 6 7 9 10 11 13 13 13 14 16 16 18 18 19 21 21 24 25 26 26 27 28 29 30 30 31 31 32 33 36 36 36 36 38 38 39 39 40 41 41 41 42 42 43 44 45 46 48 49 52 53 53 55 56 57 58 59 60 62 63 64 64 66 67 71 72 73 73 74 74 74 75 77 79 80 81 82 83 83 83 85 88 89 89 89 90 92 92 92 92 93 96 97 100 
 Nastepna tablica
22 25 49 37 37 37 91 7 9 68 88 43 30 55 68 14 26 17 98 57 13 21 97 81 95 19 98 97 69 76 75 21 37 37 12 57 48 10 47 2 46 40 89 77 89 93 55 34 25 73 30 78 88 33 47 40 52 12 1 88 77 38 40 10 77 16 6 2 25 95 40 67 10 17 68 65 35 25 84 69 49 26 94 92 37 22 49 77 56 51 42 79 81 63 60 42 74 56 17 43 
 Nastepna tablica
1 2 2 6 7 9 10 10 10 12 12 13 14 16 17 17 17 19 21 21 22 22 25 25 25 25 26 26 30 30 33 34 35 37 37 37 37 37 37 38 40 40 40 40 42 42 43 43 46 47 47 48 49 49 49 51 52 55 55 56 56 57 57 60 63 65 67 68 68 68 69 69 73 74 75 76 77 77 77 77 78 79 81 81 84 88 88 88 89 89 91 92 93 94 95 95 97 97 98 98 
 Nastepna tablica
48 6 22 66 97 40 93 91 6 96 89 48 46 91 97 23 84 53 77 71 100 84 33 23 9 59 35 74 25 65 15 88 78 22 49 90 63 33 51 12 54 47 36 19 92 33 40 33 26 84 37 23 3 8 73 83 1 34 1 13 85 61 93 59 85 19 81 51 93 69 87 96 5 16 34 89 24 62 7 97 74 76 74 56 81 37 47 61 74 92 1 32 7 17 27 45 56 41 13 22 
 Nastepna tablica
1 1 1 3 5 6 6 7 7 8 9 12 13 13 15 16 17 19 19 22 22 22 23 23 23 24 25 26 27 32 33 33 33 33 34 34 35 36 37 37 40 40 41 45 46 47 47 48 48 49 51 51 53 54 56 56 59 59 61 61 62 63 65 66 69 71 73 74 74 74 74 76 77 78 81 81 83 84 84 84 85 85 87 88 89 89 90 91 91 92 92 93 93 93 96 96 97 97 97 100 
 Nastepna tablica
66 34 30 14 1 9 91 91 73 11 2 57 16 90 36 23 11 33 95 33 91 5 12 23 1 21 49 13 48 96 78 31 54 66 57 47 26 28 87 45 68 56 17 2 53 49 6 64 96 6 41 84 25 45 15 69 77 41 42 1 35 92 45 61 62 15 75 82 42 47 69 61 95 26 59 23 96 44 38 6 68 18 29 70 95 12 92 11 71 30 12 25 100 70 83 25 85 51 35 80 
 Nastepna tablica
1 1 1 2 2 5 6 6 6 9 11 11 11 12 12 12 13 14 15 15 16 17 18 21 23 23 23 25 25 25 26 26 28 29 30 30 31 33 33 34 35 35 36 38 41 41 42 42 44 45 45 45 47 47 48 49 49 51 53 54 56 57 57 59 61 61 62 64 66 66 68 68 69 69 70 70 71 73 75 77 78 80 82 83 84 85 87 90 91 91 91 92 92 95 95 95 96 96 96 100 
 Nastepna tablica
91 33 23 46 4 27 29 89 1 65 22 41 24 44 90 58 97 42 63 48 9 86 81 70 39 100 71 87 47 25 12 44 92 85 3 26 7 21 75 7 36 67 51 47 19 7 41 53 39 3 86 1 21 95 58 68 93 55 52 38 37 100 67 15 42 41 2 50 10 78 1 94 82 70 89 57 1 17 23 66 42 28 87 49 59 19 7 18 45 71 73 26 1 26 48 45 16 96 47 93 
 Nastepna tablica
1 1 1 1 1 2 3 3 4 7 7 7 7 9 10 12 15 16 17 18 19 19 21 21 22 23 23 24 25 26 26 26 27 28 29 33 36 37 38 39 39 41 41 41 42 42 42 44 44 45 45 46 47 47 47 48 48 49 50 51 52 53 55 57 58 58 59 63 65 66 67 67 68 70 70 71 71 73 75 78 81 82 85 86 86 87 87 89 89 90 91 92 93 93 94 95 96 97 100 100 
 Nastepna tablica
79 92 63 37 26 26 68 34 51 61 89 86 69 15 27 65 69 8 11 97 27 17 19 56 50 34 55 89 34 82 36 56 78 65 4 33 41 23 23 27 75 79 18 40 96 62 74 73 97 57 40 88 12 95 46 92 85 68 8 80 29 31 35 58 29 19 54 54 70 9 28 47 8 23 73 29 12 31 64 60 79 77 16 84 87 71 42 53 8 92 46 89 75 71 18 16 18 57 27 75 
 Nastepna tablica
4 8 8 8 8 9 11 12 12 15 16 16 17 18 18 18 19 19 23 23 23 26 26 27 27 27 27 28 29 29 29 31 31 33 34 34 34 35 36 37 40 40 41 42 46 46 47 50 51 53 54 54 55 56 56 57 57 58 60 61 62 63 64 65 65 68 68 69 69 70 71 71 73 73 74 75 75 75 77 78 79 79 79 80 82 84 85 86 87 88 89 89 89 92 92 92 95 96 97 97 
 Nastepna tablica
41 36 57 88 79 97 37 28 80 84 1 66 13 30 48 80 48 80 2 16 10 82 30 61 94 98 55 65 24 31 60 85 22 84 91 75 46 53 47 23 12 84 60 93 29 27 64 17 72 49 56 48 16 30 40 83 54 5 59 34 56 41 40 39 62 69 10 19 96 91 91 99 29 22 86 94 14 24 47 75 78 80 38 42 40 81 40 16 30 50 73 75 17 39 45 38 20 71 65 92 
 Nastepna tablica
1 2 5 10 10 12 13 14 16 16 16 17 17 19 20 22 22 23 24 24 27 28 29 29 30 30 30 30 31 34 36 37 38 38 39 39 40 40 40 40 41 41 42 45 46 47 47 48 48 48 49 50 53 54 55 56 56 57 59 60 60 61 62 64 65 65 66 69 71 72 73 75 75 75 78 79 80 80 80 80 81 82 83 84 84 84 85 86 88 91 91 91 92 93 94 94 96 97 98 99 
 Nastepna tablica
41 28 13 90 30 92 96 52 85 65 99 5 66 68 17 46 60 89 18 27 78 94 83 95 3 21 1 57 1 3 46 24 58 62 8 100 95 85 39 5 20 38 6 67 45 73 65 67 52 95 45 58 66 94 75 62 74 71 90 9 19 75 75 60 50 6 26 40 44 57 70 45 94 83 45 99 69 91 93 1 46 56 47 90 71 4 38 2 19 85 46 81 36 97 81 83 82 61 33 63 
 Nastepna tablica
1 1 1 2 3 3 4 5 5 6 6 8 9 13 17 18 19 19 20 21 24 26 27 28 30 33 36 38 38 39 40 41 44 45 45 45 45 46 46 46 46 47 50 52 52 56 57 57 58 58 60 60 61 62 62 63 65 65 66 66 67 67 68 69 70 71 71 73 74 75 75 75 78 81 81 82 83 83 83 85 85 85 89 90 90 90 91 92 93 94 94 94 95 95 95 96 97 99 99 100 
 Nastepna tablica
46 64 48 29 72 21 76 6 41 14 79 38 41 74 2 13 84 82 96 25 49 75 57 71 24 79 96 87 80 1 54 97 80 94 32 29 52 22 47 39 34 34 73 19 26 71 75 91 73 14 81 71 13 69 65 80 97 95 52 64 66 56 61 73 71 35 19 48 25 39 57 88 74 75 60 15 86 81 17 27 83 54 56 37 9 12 28 86 21 20 52 63 24 36 17 99 18 39 9 43 
 Nastepna tablica
1 2 6 9 9 12 13 13 14 14 15 17 17 18 19 19 20 21 21 22 24 24 25 25 26 27 28 29 29 32 34 34 35 36 37 38 39 39 39 41 41 43 46 47 48 48 49 52 52 52 54 54 56 56 57 57 60 61 63 64 64 65 66 69 71 71 71 71 72 73 73 73 74 74 75 75 75 76 79 79 80 80 80 81 81 82 83 84 86 86 87 88 91 94 95 96 96 97 97 99 
 Nastepna tablica
75 40 96 81 92 61 96 51 2 90 34 34 73 21 90 74 43 94 96 5 31 93 5 20 28 67 36 93 69 59 74 61 51 10 2 59 36 49 37 46 50 97 48 96 11 30 56 27 7 61 99 96 16 52 19 30 20 24 52 40 16 9 53 43 60 79 36 98 95 57 46 6 64 85 73 40 45 3 28 64 55 99 26 24 35 100 42 82 67 63 86 39 96 74 88 16 38 65 10 85 
 Nastepna tablica
2 2 3 5 5 6 7 9 10 10 11 16 16 16 19 20 20 21 24 24 26 27 28 28 30 30 31 34 34 35 36 36 36 37 38 39 40 40 40 42 43 43 45 46 46 48 49 50 51 51 52 52 53 55 56 57 59 59 60 61 61 61 63 64 64 65 67 67 69 73 73 74 74 74 75 79 81 82 85 85 86 88 90 90 92 93 93 94 95 96 96 96 96 96 96 97 98 99 99 100 
 Nastepna tablica
4 74 89 27 10 20 70 30 100 51 82 40 41 50 16 61 64 9 22 15 62 23 78 59 88 71 93 69 86 63 91 45 75 53 64 66 79 81 58 43 79 58 68 40 77 1 95 54 88 79 47 66 64 26 56 79 84 10 49 78 95 88 33 45 69 76 44 71 28 64 40 59 31 4 68 35 33 91 77 23 69 46 36 59 57 43 99 81 25 9 44 78 85 34 6 26 85 29 68 41 
 Nastepna tablica
1 4 4 6 9 9 10 10 15 16 20 22 23 23 25 26 26 27 28 29 30 31 33 33 34 35 36 40 40 40 41 41 43 43 44 44 45 45 46 47 49 50 51 53 54 56 57 58 58 59 59 59 61 62 63 64 64 64 64 66 66 68 68 68 69 69 69 70 71 71 74 75 76 77 77 78 78 78 79 79 79 79 81 81 82 84 85 85 86 88 88 88 89 91 91 93 95 95 99 100 
 Nastepna tablica
