58 63 79 81 45 93 5 36 56 40 26 86 59 28 40 22 76 59 55 74 81 21 93 70 32 26 2 37 84 41 56 90 71 13 14 73 33 13 32 13 30 75 70 36 30 2 84 85 72 10 78 38 72 64 55 83 90 86 88 45 56 18 70 61 39 74 15 71 49 60 9 63 41 99 7 75 60 21 13 59 94 86 98 76 8 82 9 50 9 82 33 73 6 81 4 62 46 56 42 51 
 Nastepna tablica
2 2 4 5 6 7 8 9 9 9 10 13 13 13 13 14 15 18 21 21 22 26 26 28 30 30 32 32 33 33 36 36 37 38 39 40 40 41 41 42 45 45 46 49 50 51 55 55 56 56 56 56 58 59 59 59 60 60 61 62 63 63 64 70 70 70 71 71 72 72 73 73 74 74 75 75 76 76 78 79 81 81 81 82 82 83 84 84 85 86 86 86 88 90 90 93 93 94 98 99 
 Nastepna tablica
62 54 73 39 5 10 91 99 84 46 47 34 24 41 89 65 12 26 53 26 57 7 86 37 42 65 64 33 69 85 78 30 83 47 27 60 71 93 31 79 46 95 46 94 1 74 5 56 52 82 28 85 94 35 79 63 81 77 60 69 47 36 88 28 40 56 77 27 46 49 51 27 71 57 70 12 66 32 60 78 77 65 42 64 45 24 64 49 86 23 5 55 48 65 96 8 34 95 33 7 
 Nastepna tablica
1 5 5 5 7 7 8 10 12 12 23 24 24 26 26 27 27 27 28 28 30 31 32 33 33 34 34 35 36 37 39 40 41 42 42 45 46 46 46 46 47 47 47 48 49 49 51 52 53 54 55 56 56 57 57 60 60 60 62 63 64 64 64 65 65 65 65 66 69 69 70 71 71 73 74 77 77 77 78 78 79 79 81 82 83 84 85 85 86 86 88 89 91 93 94 94 95 95 96 99 
 Nastepna tablica
34 25 31 28 94 21 50 87 78 17 16 63 46 59 71 18 56 12 17 67 97 70 14 2 65 11 6 43 12 50 9 18 68 84 7 78 59 37 55 41 33 8 57 18 27 12 31 32 78 57 29 98 66 86 9 43 56 64 14 41 2 31 51 36 39 8 94 72 59 90 21 19 52 1 53 56 36 36 5 9 80 94 46 62 58 75 76 70 8 59 99 53 41 20 47 66 35 92 33 23 
 Nastepna tablica
1 2 2 5 6 7 8 8 8 9 9 9 11 12 12 12 14 14 16 17 17 18 18 18 19 20 21 21 23 25 27 28 29 31 31 31 32 33 33 34 35 36 36 36 37 39 41 41 41 43 43 46 46 47 50 50 51 52 53 53 55 56 56 56 57 57 58 59 59 59 59 62 63 64 65 66 66 67 68 70 70 71 72 75 76 78 78 78 80 84 86 87 90 92 94 94 94 97 98 99 
 Nastepna tablica
97 65 24 91 81 40 62 68 34 79 14 82 100 11 34 54 48 33 76 30 30 84 95 39 76 95 19 64 5 43 52 75 53 77 39 85 34 53 26 15 24 17 82 70 33 75 46 6 21 96 37 63 32 8 20 32 67 2 25 13 60 27 27 50 20 41 48 85 47 84 75 32 55 30 1 50 72 72 86 32 76 93 91 66 17 13 15 72 55 16 27 54 72 15 90 47 1 71 33 65 
 Nastepna tablica
1 1 2 5 6 8 11 13 13 14 15 15 15 16 17 17 19 20 20 21 24 24 25 26 27 27 27 30 30 30 32 32 32 32 33 33 33 34 34 34 37 39 39 40 41 43 46 47 47 48 48 50 50 52 53 53 54 54 55 55 60 62 63 64 65 65 66 67 68 70 71 72 72 72 72 75 75 75 76 76 76 77 79 81 82 82 84 84 85 85 86 90 91 91 93 95 95 96 97 100 
 Nastepna tablica
55 58 58 100 89 59 71 94 68 1 13 78 89 86 6 59 13 32 72 6 55 13 23 82 41 99 60 100 44 14 47 92 50 13 10 99 96 78 87 57 37 78 4 68 80 40 53 53 49 49 2 55 95 100 14 86 96 87 43 54 10 46 14 56 24 42 89 24 64 96 23 23 19 67 60 67 82 16 73 49 76 61 7 14 80 19 71 46 92 99 61 60 69 47 25 2 94 50 33 3 
 Nastepna tablica
1 2 2 3 4 6 6 7 10 10 13 13 13 13 14 14 14 14 16 19 19 23 23 23 24 24 25 32 33 37 40 41 42 43 44 46 46 47 47 49 49 49 50 50 53 53 54 55 55 55 56 57 58 58 59 59 60 60 60 61 61 64 67 67 68 68 69 71 71 72 73 76 78 78 78 80 80 82 82 86 86 87 87 89 89 89 92 92 94 94 95 96 96 96 99 99 99 100 100 100 
 Nastepna tablica
15 86 49 2 19 49 63 46 6 72 78 6 10 46 37 52 96 9 4 61 82 44 27 43 40 93 46 1 39 55 75 13 95 86 42 55 36 86 85 50 40 2 48 41 28 2 29 80 38 6 87 59 44 4 4 2 48 24 39 49 31 99 95 66 20 34 45 73 31 23 16 35 17 64 67 94 33 71 11 47 11 51 1 25 52 16 78 10 67 84 73 32 43 96 93 81 84 33 44 66 
 Nastepna tablica
1 1 2 2 2 2 4 4 4 6 6 6 9 10 10 11 11 13 15 16 16 17 19 20 23 24 25 27 28 29 31 31 32 33 33 34 35 36 37 38 39 39 40 40 41 42 43 43 44 44 44 45 46 46 46 47 48 48 49 49 49 50 51 52 52 55 55 59 61 63 64 66 66 67 67 71 72 73 73 75 78 78 80 81 82 84 84 85 86 86 86 87 93 93 94 95 95 96 96 99 
 Nastepna tablica
90 52 35 24 84 16 54 28 93 83 58 13 37 42 66 99 78 69 83 82 80 77 56 92 2 84 24 55 97 18 89 70 31 86 37 18 61 13 35 64 1 76 4 73 11 16 98 44 80 57 12 4 15 44 60 61 32 78 98 24 10 59 1 14 98 79 39 60 16 11 68 49 12 80 31 36 73 73 56 17 56 2 41 5 81 55 64 64 90 77 73 95 88 87 4 14 29 9 45 31 
 Nastepna tablica
1 1 2 2 4 4 4 5 9 10 11 11 12 12 13 13 14 14 15 16 16 16 17 18 18 24 24 24 28 29 31 31 31 32 35 35 36 37 37 39 41 42 44 44 45 49 52 54 55 55 56 56 56 57 58 59 60 60 61 61 64 64 64 66 68 69 70 73 73 73 73 76 77 77 78 78 79 80 80 80 81 82 83 83 84 84 86 87 88 89 90 90 92 93 95 97 98 98 98 99 
 Nastepna tablica
98 29 50 20 78 98 76 13 12 82 66 66 22 98 66 87 61 79 17 17 87 63 98 84 6 2 62 13 94 62 10 55 94 21 80 100 44 22 99 57 91 5 22 58 60 63 3 94 19 21 36 23 99 67 73 16 84 68 71 8 53 12 80 59 77 6 28 42 49 88 8 63 86 8 93 21 48 56 55 41 96 47 75 46 98 69 49 91 87 17 98 54 96 46 13 15 90 100 32 85 
 Nastepna tablica
2 3 5 6 6 8 8 8 10 12 12 13 13 13 15 16 17 17 17 19 20 21 21 21 22 22 22 23 28 29 32 36 41 42 44 46 46 47 48 49 49 50 53 54 55 55 56 57 58 59 60 61 62 62 63 63 63 66 66 66 67 68 69 71 73 75 76 77 78 79 80 80 82 84 84 85 86 87 87 87 88 90 91 91 93 94 94 94 96 96 98 98 98 98 98 98 99 99 100 100 
 Nastepna tablica
61 84 66 100 18 85 47 40 22 24 11 53 79 59 58 72 17 29 4 44 57 9 80 68 77 100 62 68 93 56 70 98 44 46 91 76 86 2 87 59 48 29 47 62 96 88 79 78 15 91 28 56 16 8 93 17 7 94 95 70 54 20 83 33 23 26 53 6 98 49 59 41 20 46 59 38 92 33 100 99 49 83 34 46 32 6 77 98 63 59 100 44 58 73 90 5 49 24 73 15 
 Nastepna tablica
2 4 5 6 6 7 8 9 11 15 15 16 17 17 18 20 20 22 23 24 24 26 28 29 29 32 33 33 34 38 40 41 44 44 44 46 46 46 47 47 48 49 49 49 53 53 54 56 56 57 58 58 59 59 59 59 59 61 62 62 63 66 68 68 70 70 72 73 73 76 77 77 78 79 79 80 83 83 84 85 86 87 88 90 91 91 92 93 93 94 95 96 98 98 98 99 100 100 100 100 
 Nastepna tablica
11 24 37 43 61 35 27 64 54 92 90 93 65 45 22 75 12 64 16 95 12 49 53 59 28 63 42 51 71 24 26 66 92 82 74 80 20 36 22 22 78 60 17 40 45 70 11 43 48 40 89 83 86 95 13 54 37 35 58 98 95 59 46 63 17 83 50 89 76 73 30 77 77 33 89 17 93 28 7 25 4 24 85 31 77 78 97 78 99 67 32 31 95 75 43 20 42 83 57 65 
 Nastepna tablica
4 7 11 11 12 12 13 16 17 17 17 20 20 22 22 22 24 24 24 25 26 27 28 28 30 31 31 32 33 35 35 36 37 37 40 40 42 42 43 43 43 45 45 46 48 49 50 51 53 54 54 57 58 59 59 60 61 63 63 64 64 65 65 66 67 70 71 73 74 75 75 76 77 77 77 78 78 78 80 82 83 83 83 85 86 89 89 89 90 92 92 93 93 95 95 95 95 97 98 99 
 Nastepna tablica
69 18 93 60 69 71 82 20 12 77 68 37 61 6 93 26 74 60 73 51 8 37 22 25 67 1 23 87 4 38 82 30 99 59 40 48 25 34 39 100 62 87 39 69 74 8 70 53 56 54 29 68 72 51 60 81 69 86 72 92 46 36 54 21 63 1 82 56 50 14 78 6 67 11 20 50 11 84 47 47 68 56 37 33 69 55 48 55 27 21 98 68 93 97 38 76 52 94 89 41 
 Nastepna tablica
1 1 4 6 6 8 8 11 11 12 14 18 20 20 21 21 22 23 25 25 26 27 29 30 33 34 36 37 37 37 38 38 39 39 40 41 46 47 47 48 48 50 50 51 51 52 53 54 54 55 55 56 56 56 59 60 60 60 61 62 63 67 67 68 68 68 68 69 69 69 69 69 70 71 72 72 73 74 74 76 77 78 81 82 82 82 84 86 87 87 89 92 93 93 93 94 97 98 99 100 
 Nastepna tablica
38 35 17 69 48 54 27 51 53 88 23 37 48 11 92 56 65 19 89 94 53 17 31 91 80 41 31 19 50 7 47 66 88 21 45 86 83 63 32 49 23 71 97 79 30 41 7 54 31 17 54 2 93 68 49 40 87 21 8 29 6 93 97 4 44 60 53 72 15 41 26 99 57 52 10 80 74 24 50 86 20 56 56 76 53 13 58 40 38 19 4 15 95 14 99 31 99 9 71 100 
 Nastepna tablica
2 4 4 6 7 7 8 9 10 11 13 14 15 15 17 17 17 19 19 19 20 21 21 23 23 24 26 27 29 30 31 31 31 31 32 35 37 38 38 40 40 41 41 41 44 45 47 48 48 49 49 50 50 51 52 53 53 53 53 54 54 54 56 56 56 57 58 60 63 65 66 68 69 71 71 72 74 76 79 80 80 83 86 86 87 88 88 89 91 92 93 93 94 95 97 97 99 99 99 100 
 Nastepna tablica
13 70 54 91 3 81 70 8 2 82 73 82 59 4 39 36 32 43 40 18 70 84 98 4 53 56 65 66 52 18 93 70 75 49 12 93 18 73 53 56 32 57 84 82 24 65 55 90 27 32 4 47 30 33 35 17 45 13 63 70 84 41 24 1 60 22 84 11 73 76 42 72 44 35 42 99 32 7 87 72 93 35 45 34 78 12 99 98 30 99 76 42 85 96 100 41 89 89 73 26 
 Nastepna tablica
1 2 3 4 4 4 7 8 11 12 12 13 13 17 18 18 18 22 24 24 26 27 30 30 32 32 32 32 33 34 35 35 35 36 39 40 41 41 42 42 42 43 44 45 45 47 49 52 53 53 54 55 56 56 57 59 60 63 65 65 66 70 70 70 70 70 72 72 73 73 73 73 75 76 76 78 81 82 82 82 84 84 84 84 85 87 89 89 90 91 93 93 93 96 98 98 99 99 99 100 
 Nastepna tablica
85 70 87 96 44 22 25 21 13 98 92 41 50 20 9 68 51 3 6 14 96 77 13 23 93 1 61 28 45 26 5 28 77 3 74 22 66 37 67 43 78 6 31 11 74 75 94 73 32 48 16 58 60 23 66 28 87 70 19 51 36 61 86 77 21 51 28 73 41 16 85 97 44 27 30 54 78 36 89 80 45 29 16 45 64 65 79 78 28 53 85 33 2 2 81 13 33 59 77 59 
 Nastepna tablica
1 2 2 3 3 5 6 6 9 11 13 13 13 14 16 16 16 19 20 21 21 22 22 23 23 25 26 27 28 28 28 28 28 29 30 31 32 33 33 36 36 37 41 41 43 44 44 45 45 45 48 50 51 51 51 53 54 58 59 59 60 61 61 64 65 66 66 67 68 70 70 73 73 74 74 75 77 77 77 77 78 78 78 79 80 81 85 85 85 86 87 87 89 92 93 94 96 96 97 98 
 Nastepna tablica
62 75 19 29 45 93 53 68 61 52 66 29 99 85 3 84 15 11 84 5 51 97 12 12 12 77 6 43 42 69 49 16 12 14 28 52 88 69 6 6 88 89 17 37 40 28 77 2 78 85 100 76 4 14 84 56 89 59 97 19 51 22 43 37 7 85 21 25 61 81 23 79 49 64 54 56 67 97 38 56 83 27 33 36 84 15 25 86 94 70 41 66 12 95 64 70 87 16 67 46 
 Nastepna tablica
2 3 4 5 6 6 6 7 11 12 12 12 12 12 14 14 15 15 16 16 17 19 19 21 22 23 25 25 27 28 28 29 29 33 36 37 37 38 40 41 42 43 43 45 46 49 49 51 51 52 52 53 54 56 56 56 59 61 61 62 64 64 66 66 67 67 68 69 69 70 70 75 76 77 77 78 79 81 83 84 84 84 84 85 85 85 86 87 88 88 89 89 93 94 95 97 97 97 99 100 
 Nastepna tablica
97 26 14 88 2 73 44 50 81 34 90 89 53 93 73 36 58 46 95 50 41 83 15 16 54 58 16 90 61 87 80 51 7 65 21 60 59 65 4 85 36 78 41 38 5 55 29 69 10 50 21 51 44 87 48 76 16 53 11 62 56 30 32 21 79 88 61 9 63 66 6 8 27 33 66 31 85 33 68 66 36 68 4 86 11 16 54 91 82 46 25 6 1 21 81 40 46 21 81 43 
 Nastepna tablica
1 2 4 4 5 6 6 7 8 9 10 11 11 14 15 16 16 16 16 21 21 21 21 21 25 26 27 29 30 31 32 33 33 34 36 36 36 38 40 41 41 43 44 44 46 46 46 48 50 50 50 51 51 53 53 54 54 55 56 58 58 59 60 61 61 62 63 65 65 66 66 66 68 68 69 73 73 76 78 79 80 81 81 81 82 83 85 85 86 87 87 88 88 89 90 90 91 93 95 97 
 Nastepna tablica
85 90 10 33 95 36 50 15 35 64 8 68 41 74 12 38 76 92 1 84 49 11 42 68 50 21 38 71 87 55 71 27 60 28 92 84 90 57 73 67 91 62 83 86 76 9 17 52 69 14 11 80 24 15 45 51 53 72 66 11 90 45 53 81 81 23 83 63 10 97 23 82 47 32 18 77 1 45 27 59 49 65 90 18 27 93 91 49 22 68 14 71 92 13 88 84 70 1 69 71 
 Nastepna tablica
1 1 1 8 9 10 10 11 11 11 12 13 14 14 15 15 17 18 18 21 22 23 23 24 27 27 27 28 32 33 35 36 38 38 41 42 45 45 45 47 49 49 49 50 50 51 52 53 53 55 57 59 60 62 63 64 65 66 67 68 68 68 69 69 70 71 71 71 71 72 73 74 76 76 77 80 81 81 82 83 83 84 84 84 85 86 87 88 90 90 90 90 91 91 92 92 92 93 95 97 
 Nastepna tablica
31 56 23 53 97 23 57 37 25 86 21 52 37 47 35 71 55 79 4 47 95 79 54 32 3 14 72 73 11 1 52 59 4 3 99 55 29 98 96 65 99 37 13 79 12 39 90 91 83 4 12 84 6 31 73 82 50 100 37 39 82 79 24 76 61 100 81 29 21 4 19 6 20 64 53 75 50 73 59 33 31 100 78 61 19 26 17 52 98 23 18 35 25 7 95 53 10 81 2 99 
 Nastepna tablica
1 2 3 3 4 4 4 4 6 6 7 10 11 12 12 13 14 17 18 19 19 20 21 21 23 23 23 24 25 25 26 29 29 31 31 31 32 33 35 35 37 37 37 37 39 39 47 47 50 50 52 52 52 53 53 53 54 55 55 56 57 59 59 61 61 64 65 71 72 73 73 73 75 76 78 79 79 79 79 81 81 82 82 83 84 86 90 91 95 95 96 97 98 98 99 99 99 100 100 100 
 Nastepna tablica
19 39 93 75 94 5 30 73 24 61 26 29 63 31 72 65 88 22 80 46 97 67 57 100 39 5 28 24 72 72 30 52 26 82 75 65 75 26 68 92 96 31 30 85 24 93 96 45 67 54 11 41 70 48 28 67 21 9 6 29 14 71 36 29 75 92 9 39 95 25 26 41 97 27 68 46 1 46 23 36 35 74 46 89 90 50 8 92 29 39 66 85 44 5 98 61 25 47 87 70 
 Nastepna tablica
1 5 5 5 6 8 9 9 11 14 19 21 22 23 24 24 24 25 25 26 26 26 26 27 28 28 29 29 29 29 30 30 30 31 31 35 36 36 39 39 39 39 41 41 44 45 46 46 46 46 47 48 50 52 54 57 61 61 63 65 65 66 67 67 67 68 68 70 70 71 72 72 72 73 74 75 75 75 75 80 82 85 85 87 88 89 90 92 92 92 93 93 94 95 96 96 97 97 98 100 
 Nastepna tablica
60 69 70 55 12 9 16 99 27 87 65 35 1 82 9 17 67 54 49 54 17 95 64 84 18 33 26 40 100 6 61 70 92 86 30 27 27 53 42 70 44 38 1 26 100 62 72 22 63 70 66 58 97 25 8 21 37 17 69 80 17 9 98 26 90 7 11 4 85 48 98 27 10 60 49 84 64 46 30 79 18 47 49 63 12 98 29 69 44 12 11 51 18 80 52 99 63 62 53 59 
 Nastepna tablica
1 1 4 6 7 8 9 9 9 10 11 11 12 12 12 16 17 17 17 17 18 18 18 21 22 25 26 26 26 27 27 27 27 29 30 30 33 35 37 38 40 42 44 44 46 47 48 49 49 49 51 52 53 53 54 54 55 58 59 60 60 61 62 62 63 63 63 64 64 65 66 67 69 69 69 70 70 70 70 72 79 80 80 82 84 84 85 86 87 90 92 95 97 98 98 98 99 99 100 100 
 Nastepna tablica
58 36 23 11 57 78 59 10 17 82 100 69 42 62 20 22 98 24 41 71 96 42 39 81 14 91 65 56 66 42 63 92 83 70 43 6 31 46 56 27 80 34 82 48 33 25 76 42 87 36 14 16 92 31 79 91 2 31 98 6 99 43 91 54 55 23 68 99 22 54 64 84 36 46 96 43 63 46 81 92 40 79 1 28 80 99 57 89 80 2 98 32 6 21 83 58 30 13 31 23 
 Nastepna tablica
1 2 2 6 6 6 10 11 13 14 14 16 17 20 21 22 22 23 23 23 24 25 27 28 30 31 31 31 31 32 33 34 36 36 36 39 40 41 42 42 42 42 43 43 43 46 46 46 48 54 54 55 56 56 57 57 58 58 59 62 63 63 64 65 66 68 69 70 71 76 78 79 79 80 80 80 81 81 82 82 83 83 84 87 89 91 91 91 92 92 92 96 96 98 98 98 99 99 99 100 
 Nastepna tablica
66 88 47 16 62 83 18 22 46 99 66 28 44 79 46 74 16 66 70 42 39 57 67 55 76 68 24 71 61 78 16 45 5 70 36 56 28 19 7 67 80 58 37 29 15 82 9 62 69 52 54 75 31 33 23 74 76 77 38 22 27 69 94 14 1 19 33 55 68 47 44 23 69 30 68 67 98 11 37 41 18 10 9 3 37 44 75 26 19 98 81 58 4 17 90 45 53 82 76 22 
 Nastepna tablica
1 3 4 5 7 9 9 10 11 14 15 16 16 16 17 18 18 19 19 19 22 22 22 23 23 24 26 27 28 28 29 30 31 33 33 36 37 37 37 38 39 41 42 44 44 44 45 45 46 46 47 47 52 53 54 55 55 56 57 58 58 61 62 62 66 66 66 67 67 67 68 68 68 69 69 69 70 70 71 74 74 75 75 76 76 76 77 78 79 80 81 82 82 83 88 90 94 98 98 99 
 Nastepna tablica
10 76 29 17 31 50 100 72 64 9 31 99 88 22 11 63 64 24 83 23 27 88 16 88 61 8 17 99 78 81 74 61 8 64 82 15 64 60 81 29 81 34 47 67 49 37 35 86 48 55 27 84 70 36 40 44 97 37 69 76 99 63 3 27 48 49 43 89 39 27 27 49 9 25 25 82 83 40 26 93 58 35 39 34 60 92 22 45 4 20 62 15 20 8 46 37 10 54 3 84 
 Nastepna tablica
3 3 4 8 8 8 9 9 10 10 11 15 15 16 17 17 20 20 22 22 23 24 25 25 26 27 27 27 27 27 29 29 31 31 34 34 35 35 36 37 37 37 39 39 40 40 43 44 45 46 47 48 48 49 49 49 50 54 55 58 60 60 61 61 62 63 63 64 64 64 64 67 69 70 72 74 76 76 78 81 81 81 82 82 83 83 84 84 86 88 88 88 89 92 93 97 99 99 99 100 
 Nastepna tablica
77 19 89 30 9 34 57 20 82 9 68 60 49 43 38 8 87 74 31 40 34 85 38 33 90 32 53 62 96 14 12 24 41 72 25 32 28 1 90 99 48 26 13 22 77 6 97 79 57 100 10 64 40 44 15 49 67 79 10 35 80 19 64 32 71 18 93 36 83 78 26 46 31 33 17 3 58 70 8 94 82 52 34 10 29 25 7 28 25 61 10 8 89 36 48 80 23 58 54 82 
 Nastepna tablica
1 3 6 7 8 8 8 9 9 10 10 10 10 12 13 14 15 17 18 19 19 20 22 23 24 25 25 25 26 26 28 28 29 30 31 31 32 32 32 33 33 34 34 34 35 36 36 38 38 40 40 41 43 44 46 48 48 49 49 52 53 54 57 57 58 58 60 61 62 64 64 67 68 70 71 72 74 77 77 78 79 79 80 80 82 82 82 83 85 87 89 89 90 90 93 94 96 97 99 100 
 Nastepna tablica
45 1 15 59 27 12 71 21 37 62 51 78 20 45 18 97 42 4 40 37 44 23 77 24 16 49 36 10 26 86 40 65 18 86 98 79 70 70 36 81 18 90 58 27 77 26 43 34 77 5 99 89 19 7 10 87 12 58 51 35 59 67 54 73 98 34 35 85 14 83 12 82 67 78 12 40 100 9 65 52 97 5 51 99 22 54 7 90 25 79 38 18 6 65 34 84 14 59 37 34 
 Nastepna tablica
1 4 5 5 6 7 7 9 10 10 12 12 12 12 14 14 15 16 18 18 18 18 19 20 21 22 23 24 25 26 26 27 27 34 34 34 34 35 35 36 36 37 37 37 38 40 40 40 42 43 44 45 45 49 51 51 51 52 54 54 58 58 59 59 59 62 65 65 65 67 67 70 70 71 73 77 77 77 78 78 79 79 81 82 83 84 85 86 86 87 89 90 90 97 97 98 98 99 99 100 
 Nastepna tablica
50 27 67 10 82 34 19 66 82 5 72 40 55 90 54 28 37 5 38 49 63 44 98 17 68 73 18 32 49 58 70 85 19 6 37 77 82 46 37 52 30 58 24 14 5 1 82 40 25 34 44 35 67 65 13 40 56 17 87 9 19 48 52 43 72 96 97 52 55 18 11 59 24 12 16 9 26 27 64 74 61 79 65 49 64 38 87 100 90 59 21 64 1 19 56 51 5 33 93 95 
 Nastepna tablica
1 1 5 5 5 5 6 9 9 10 11 12 13 14 16 17 17 18 18 19 19 19 19 21 24 24 25 26 27 27 28 30 32 33 34 34 35 37 37 37 38 38 40 40 40 43 44 44 46 48 49 49 49 50 51 52 52 52 54 55 55 56 56 58 58 59 59 61 63 64 64 64 65 65 66 67 67 68 70 72 72 73 74 77 79 82 82 82 82 85 87 87 90 90 93 95 96 97 98 100 
 Nastepna tablica
46 7 36 86 92 7 14 22 90 2 48 11 61 10 81 78 19 76 46 81 39 54 35 72 34 21 74 90 90 21 35 57 62 11 66 38 75 19 20 36 2 80 70 38 22 33 39 35 82 37 33 10 46 61 87 98 82 44 81 88 48 96 76 78 40 83 35 30 56 20 6 96 89 27 49 16 19 47 61 56 7 99 11 56 35 2 95 94 42 98 11 8 6 26 35 56 74 92 36 15 
 Nastepna tablica
2 2 2 6 6 7 7 7 8 10 10 11 11 11 11 14 15 16 19 19 19 20 20 21 21 22 22 26 27 30 33 33 34 35 35 35 35 35 35 36 36 36 37 38 38 39 39 40 42 44 46 46 46 47 48 48 49 54 56 56 56 56 57 61 61 61 62 66 70 72 74 74 75 76 76 78 78 80 81 81 81 82 82 83 86 87 88 89 90 90 90 92 92 94 95 96 96 98 98 99 
 Nastepna tablica
64 19 14 33 43 29 27 81 36 87 33 100 70 52 97 58 7 100 24 7 33 42 46 23 9 79 2 81 58 52 77 57 37 82 55 40 52 17 98 76 37 23 12 51 41 38 95 65 73 75 66 6 7 48 59 12 7 56 71 97 80 97 90 23 97 82 44 65 29 7 11 49 67 50 62 87 58 79 60 68 93 79 25 50 8 71 6 28 98 19 3 77 18 5 23 22 4 88 98 11 
 Nastepna tablica
2 3 4 5 6 6 7 7 7 7 7 8 9 11 11 12 12 14 17 18 19 19 22 23 23 23 23 24 25 27 28 29 29 33 33 33 36 37 37 38 40 41 42 43 44 46 48 49 50 50 51 52 52 52 55 56 57 58 58 58 59 60 62 64 65 65 66 67 68 70 71 71 73 75 76 77 77 79 79 79 80 81 81 82 82 87 87 88 90 93 95 97 97 97 97 98 98 98 100 100 
 Nastepna tablica
85 95 30 25 9 68 78 69 48 81 70 96 67 32 33 24 13 53 31 66 94 2 98 12 18 74 11 73 100 34 5 75 57 61 10 4 64 73 30 56 36 31 87 85 76 50 97 36 54 45 29 95 45 31 92 56 83 15 11 65 39 22 89 44 76 33 93 53 7 29 20 93 5 64 92 82 79 17 26 17 93 51 86 23 53 72 57 82 46 24 99 29 85 51 9 95 70 87 1 89 
 Nastepna tablica
1 2 4 5 5 7 9 9 10 11 11 12 13 15 17 17 18 20 22 23 24 24 25 26 29 29 29 30 30 31 31 31 32 33 33 34 36 36 39 44 45 45 46 48 50 51 51 53 53 53 54 56 56 57 57 61 64 64 65 66 67 68 69 70 70 72 73 73 74 75 76 76 78 79 81 82 82 83 85 85 85 86 87 87 89 89 92 92 93 93 93 94 95 95 95 96 97 98 99 100 
 Nastepna tablica
26 96 21 19 3 34 89 36 45 81 32 55 24 56 36 65 93 16 100 24 66 9 71 6 44 16 99 27 59 19 51 95 53 3 13 28 71 76 66 6 56 58 63 99 30 94 36 77 54 58 3 6 67 62 7 40 6 51 21 69 96 1 7 100 33 40 39 36 12 70 99 61 70 28 38 85 27 46 29 61 3 92 44 40 65 59 10 18 2 19 48 100 24 93 20 72 21 68 85 57 
 Nastepna tablica
1 2 3 3 3 3 6 6 6 6 7 7 9 10 12 13 16 16 18 19 19 19 20 21 21 21 24 24 24 26 27 27 28 28 29 30 32 33 34 36 36 36 36 38 39 40 40 40 44 44 45 46 48 51 51 53 54 55 56 56 57 58 58 59 59 61 61 62 63 65 65 66 66 67 68 69 70 70 71 71 72 76 77 81 85 85 89 92 93 93 94 95 96 96 99 99 99 100 100 100 
 Nastepna tablica
22 52 47 72 27 68 79 40 56 80 77 82 16 73 75 64 5 56 2 69 9 80 84 94 16 68 100 50 85 44 1 20 29 34 27 88 42 24 8 17 88 77 62 91 86 25 18 41 94 25 57 24 14 94 40 48 6 12 1 18 2 22 12 83 86 80 39 97 7 74 54 56 87 99 86 2 75 72 64 89 33 54 68 28 17 57 62 16 24 99 72 33 63 28 10 94 40 71 39 26 
 Nastepna tablica
1 1 2 2 2 5 6 7 8 9 10 12 12 14 16 16 16 17 17 18 18 20 22 22 24 24 24 25 25 26 27 27 28 28 29 33 33 34 39 39 40 40 40 41 42 44 47 48 50 52 54 54 56 56 56 57 57 62 62 63 64 64 68 68 68 69 71 72 72 72 73 74 75 75 77 77 79 80 80 80 82 83 84 85 86 86 86 87 88 88 89 91 94 94 94 94 97 99 99 100 
 Nastepna tablica
94 24 49 91 14 92 71 11 34 34 40 16 17 79 50 28 62 25 64 10 26 15 9 23 68 12 91 93 3 65 99 47 88 20 25 13 56 82 57 19 84 99 43 60 38 89 73 49 6 58 67 65 98 62 64 60 98 64 18 39 80 75 14 2 83 65 85 68 97 83 42 66 27 19 73 42 48 50 87 86 48 44 23 74 86 90 41 54 44 35 29 20 70 26 97 8 54 66 38 29 
 Nastepna tablica
2 3 6 8 9 10 11 12 13 14 14 15 16 17 18 19 19 20 20 23 23 24 25 25 26 26 27 28 29 29 34 34 35 38 38 39 40 41 42 42 43 44 44 47 48 48 49 49 50 50 54 54 56 57 58 60 60 62 62 64 64 64 65 65 65 66 66 67 68 68 70 71 73 73 74 75 79 80 82 83 83 84 85 86 86 87 88 89 90 91 91 92 93 94 97 97 98 98 99 99 
 Nastepna tablica
14 17 5 99 78 47 34 77 60 79 33 12 69 40 28 53 34 1 99 60 74 8 26 13 2 60 16 92 82 29 60 55 78 94 13 42 25 65 97 38 17 9 39 71 23 32 5 77 76 10 47 68 69 1 54 86 62 35 91 83 65 25 63 35 57 37 87 25 9 90 76 88 55 22 85 82 80 9 56 42 10 17 85 78 20 97 20 62 4 21 26 88 10 90 63 44 80 86 35 50 
 Nastepna tablica
1 1 2 4 5 5 8 9 9 9 10 10 10 12 13 13 14 16 17 17 17 20 20 21 22 23 25 25 25 26 26 28 29 32 33 34 34 35 35 35 37 38 39 40 42 42 44 47 47 50 53 54 55 55 56 57 60 60 60 60 62 62 63 63 65 65 68 69 69 71 74 76 76 77 77 78 78 78 79 80 80 82 82 83 85 85 86 86 87 88 88 90 90 91 92 94 97 97 99 99 
 Nastepna tablica
73 71 13 13 39 16 3 70 20 56 47 5 63 66 93 31 99 44 42 58 71 76 16 21 2 24 48 51 38 29 48 29 13 54 25 57 28 70 12 70 33 55 83 46 56 89 78 75 86 54 2 45 40 71 39 34 72 31 5 11 79 70 44 79 98 89 100 89 10 12 17 23 89 28 3 32 4 62 94 65 42 75 22 88 42 89 29 57 28 75 27 41 19 93 53 59 11 51 89 1 
 Nastepna tablica
1 2 2 3 3 4 5 5 10 11 11 12 12 13 13 13 16 16 17 19 20 21 22 23 24 25 27 28 28 28 29 29 29 31 31 32 33 34 38 39 39 40 41 42 42 42 44 44 45 46 47 48 48 51 51 53 54 54 55 56 56 57 57 58 59 62 63 65 66 70 70 70 70 71 71 71 72 73 75 75 75 76 78 79 79 83 86 88 89 89 89 89 89 89 93 93 94 98 99 100 
 Nastepna tablica
1 85 14 8 36 21 53 60 83 81 19 30 70 83 92 6 77 36 3 55 90 88 10 81 99 70 28 70 44 51 22 40 46 19 11 50 64 16 11 45 65 54 50 73 87 91 36 12 2 95 69 75 23 70 50 58 54 49 77 84 38 35 57 15 48 21 44 45 79 28 95 64 51 41 67 71 87 5 56 74 68 66 82 62 2 18 51 61 80 30 92 48 40 78 27 21 76 83 60 60 
 Nastepna tablica
1 2 2 3 5 6 8 10 11 11 12 14 15 16 18 19 19 21 21 21 22 23 27 28 28 30 30 35 36 36 36 38 40 40 41 44 44 45 45 46 48 48 49 50 50 50 51 51 51 53 54 54 55 56 57 58 60 60 60 61 62 64 64 65 66 67 68 69 70 70 70 70 71 73 74 75 76 77 77 78 79 80 81 81 82 83 83 83 84 85 87 87 88 90 91 92 92 95 95 99 
 Nastepna tablica
96 69 91 49 36 82 74 76 8 70 47 83 91 97 55 11 15 90 84 1 6 98 17 83 78 20 68 15 57 77 1 8 8 51 55 87 8 34 94 11 2 59 48 24 79 52 21 48 95 51 22 79 15 79 51 52 60 1 16 41 15 59 89 40 86 50 81 62 20 35 1 9 95 78 96 4 37 48 62 81 85 62 77 86 92 91 15 24 3 61 78 34 66 34 37 13 46 78 64 75 
 Nastepna tablica
1 1 1 1 2 3 4 6 8 8 8 8 9 11 11 13 15 15 15 15 15 16 17 20 20 21 22 24 24 34 34 34 35 36 37 37 40 41 46 47 48 48 48 49 50 51 51 51 52 52 55 55 57 59 59 60 61 62 62 62 64 66 68 69 70 74 75 76 77 77 78 78 78 78 79 79 79 81 81 82 83 83 84 85 86 86 87 89 90 91 91 91 92 94 95 95 96 96 97 98 
 Nastepna tablica
15 7 25 9 29 33 35 52 96 43 50 55 73 46 97 7 11 60 45 43 34 72 99 86 59 56 8 94 16 43 35 90 69 52 79 59 56 94 45 91 84 18 11 22 28 62 98 82 78 64 1 24 30 70 59 50 33 26 20 88 69 85 31 58 51 24 98 13 2 99 5 34 22 33 52 9 93 68 67 6 93 97 59 91 42 91 42 66 56 65 43 78 88 12 24 56 56 89 72 97 
 Nastepna tablica
1 2 5 6 7 7 8 9 9 11 11 12 13 15 16 18 20 22 22 24 24 24 25 26 28 29 30 31 33 33 33 34 34 35 35 42 42 43 43 43 43 45 45 46 50 50 51 52 52 52 55 56 56 56 56 56 58 59 59 59 59 60 62 64 65 66 67 68 69 69 70 72 72 73 78 78 79 82 84 85 86 88 88 89 90 91 91 91 93 93 94 94 96 97 97 97 98 98 99 99 
 Nastepna tablica
77 15 68 48 25 97 40 17 92 19 62 3 14 1 18 46 30 71 36 65 61 3 66 49 2 28 53 16 44 33 7 15 68 77 91 30 5 100 88 53 26 70 9 50 99 3 64 90 6 43 29 36 71 94 69 65 17 74 100 29 100 87 64 8 36 19 96 96 3 20 36 34 6 11 69 51 31 6 31 5 55 41 48 59 74 32 12 93 88 16 11 75 39 99 23 28 92 40 79 53 
 Nastepna tablica
1 2 3 3 3 3 5 5 6 6 6 7 8 9 11 11 12 14 15 15 16 16 17 17 18 19 19 20 23 25 26 28 28 29 29 30 30 31 31 32 33 34 36 36 36 36 39 40 40 41 43 44 46 48 48 49 50 51 53 53 53 55 59 61 62 64 64 65 65 66 68 68 69 69 70 71 71 74 74 75 77 77 79 87 88 88 90 91 92 92 93 94 96 96 97 99 99 100 100 100 
 Nastepna tablica
50 75 39 47 24 25 77 98 23 68 44 79 8 94 54 69 51 67 47 78 40 91 3 63 37 33 20 98 88 4 70 34 10 7 7 57 16 32 3 9 82 96 46 4 73 71 83 62 77 93 73 67 51 36 32 85 98 100 7 14 88 43 71 62 40 35 2 68 27 16 85 59 40 6 3 83 7 30 35 87 92 92 83 53 40 50 54 96 55 67 55 18 5 17 20 82 59 63 73 23 
 Nastepna tablica
2 3 3 3 4 4 5 6 7 7 7 7 8 9 10 14 16 16 17 18 20 20 23 23 24 25 27 30 32 32 33 34 35 35 36 37 39 40 40 40 40 43 44 46 47 47 50 50 51 51 53 54 54 55 55 57 59 59 62 62 63 63 67 67 67 68 68 69 70 71 71 73 73 73 75 77 77 78 79 82 82 83 83 83 85 85 87 88 88 91 92 92 93 94 96 96 98 98 98 100 
 Nastepna tablica
84 93 64 78 61 38 29 56 5 37 82 56 61 23 85 67 35 96 97 73 67 39 61 51 58 23 87 34 11 43 56 75 24 79 20 90 38 76 61 8 79 51 99 100 43 30 75 14 80 44 56 83 91 77 69 4 12 87 84 77 73 42 7 47 26 23 1 41 22 21 23 95 86 99 67 8 62 69 33 74 64 89 32 19 42 57 47 35 14 2 93 63 79 10 34 76 50 3 27 100 
 Nastepna tablica
1 2 3 4 5 7 8 8 10 11 12 14 14 19 20 21 22 23 23 23 23 24 26 27 29 30 32 33 34 34 35 35 37 38 38 39 41 42 42 43 43 44 47 47 50 51 51 56 56 56 56 57 58 61 61 61 61 62 63 64 64 67 67 67 69 69 73 73 74 75 75 76 76 77 77 78 79 79 79 80 82 83 84 84 85 86 87 87 89 90 91 93 93 95 96 97 99 99 100 100 
 Nastepna tablica
62 87 23 48 89 7 98 27 66 52 94 66 83 59 29 97 64 71 11 12 16 60 28 69 96 14 64 65 68 64 49 98 96 75 89 36 68 66 44 30 36 99 48 51 47 17 19 20 65 24 36 76 54 86 11 95 81 67 78 99 29 55 60 16 98 34 72 74 11 32 61 77 43 50 69 64 46 25 78 20 46 70 80 43 5 2 28 96 88 67 80 30 92 14 56 65 100 90 5 79 
 Nastepna tablica
2 5 5 7 11 11 11 12 14 14 16 16 17 19 20 20 23 24 25 27 28 28 29 29 30 30 32 34 36 36 36 43 43 44 46 46 47 48 48 49 50 51 52 54 55 56 59 60 60 61 62 64 64 64 64 65 65 65 66 66 66 67 67 68 68 69 69 70 71 72 74 75 76 77 78 78 79 80 80 81 83 86 87 88 89 89 90 92 94 95 96 96 96 97 98 98 98 99 99 100 
 Nastepna tablica
87 29 4 55 24 61 18 14 11 42 53 86 2 50 53 36 28 62 40 21 100 91 90 53 97 87 65 11 92 24 12 78 7 77 3 72 5 1 74 80 87 92 57 62 89 49 56 52 87 56 42 41 93 3 80 72 93 48 23 10 32 65 1 5 64 64 52 29 81 56 75 23 96 68 79 83 28 2 73 94 67 2 100 53 40 12 13 65 43 71 65 11 68 88 32 1 56 11 88 86 
 Nastepna tablica
1 1 1 2 2 2 3 3 4 5 5 7 10 11 11 11 11 12 12 13 14 18 21 23 23 24 24 28 28 29 29 32 32 36 40 40 41 42 42 43 48 49 50 52 52 53 53 53 53 55 56 56 56 56 57 61 62 62 64 64 65 65 65 65 67 68 68 71 72 72 73 74 75 77 78 79 80 80 81 83 86 86 87 87 87 87 88 88 89 90 91 92 92 93 93 94 96 97 100 100 
 Nastepna tablica
33 27 3 70 72 92 4 42 98 60 7 75 86 87 48 9 4 44 34 45 51 95 33 18 42 84 20 80 66 32 79 54 11 99 3 62 95 53 27 55 39 93 83 78 19 95 59 52 49 40 79 43 37 92 69 58 96 99 98 34 83 48 64 74 90 38 99 7 88 71 7 97 91 80 14 64 75 41 41 82 64 93 32 84 30 66 86 20 98 52 22 22 13 7 88 42 38 58 71 92 
 Nastepna tablica
3 3 4 4 7 7 7 7 9 11 13 14 18 19 20 20 22 22 27 27 30 32 32 33 33 34 34 37 38 38 39 40 41 41 42 42 42 43 44 45 48 48 49 51 52 52 53 54 55 58 58 59 60 62 64 64 64 66 66 69 70 71 71 72 74 75 75 78 79 79 80 80 82 83 83 84 84 86 86 87 88 88 90 91 92 92 92 93 93 95 95 95 96 97 98 98 98 99 99 99 
 Nastepna tablica
51 3 75 32 15 21 62 33 48 43 38 61 32 74 1 47 69 52 99 11 38 19 32 17 67 58 96 77 56 57 87 78 32 31 100 49 7 95 75 92 9 48 98 66 33 38 77 74 75 20 98 100 78 20 56 94 73 15 38 91 34 81 30 96 88 9 54 60 85 32 95 54 7 4 36 8 72 91 42 21 43 5 1 10 1 91 37 74 36 24 98 85 63 93 9 55 90 19 41 68 
 Nastepna tablica
1 1 1 3 4 5 7 7 8 9 9 9 10 11 15 15 17 19 19 20 20 21 21 24 30 31 32 32 32 32 32 33 33 34 36 36 37 38 38 38 38 41 42 43 43 47 48 48 49 51 52 54 54 55 56 56 57 58 60 61 62 63 66 67 68 69 72 73 74 74 74 75 75 75 77 77 78 78 81 85 85 87 88 90 91 91 91 92 93 94 95 95 96 96 98 98 98 99 100 100 
 Nastepna tablica
99 11 8 10 65 23 9 12 20 84 26 82 49 40 69 58 20 20 13 81 35 32 34 83 88 69 48 70 82 11 40 34 60 61 60 53 23 50 73 69 37 53 50 90 13 87 30 16 41 75 66 14 66 14 68 36 23 37 59 94 92 68 33 9 5 88 45 54 29 27 56 89 52 82 18 92 32 15 84 47 2 40 5 14 65 16 66 17 39 5 74 27 25 34 66 2 100 85 80 58 
 Nastepna tablica
2 2 5 5 5 8 9 9 10 11 11 12 13 13 14 14 14 15 16 16 17 18 20 20 20 23 23 23 25 26 27 27 29 30 32 32 33 34 34 34 35 36 37 37 39 40 40 40 41 45 47 48 49 50 50 52 53 53 54 56 58 58 59 60 60 61 65 65 66 66 66 66 68 68 69 69 69 70 73 74 75 80 81 82 82 82 83 84 84 85 87 88 88 89 90 92 92 94 99 100 
 Nastepna tablica
12 31 86 40 79 71 21 65 17 84 63 4 35 15 22 60 85 13 22 89 37 65 12 68 61 24 28 45 75 92 32 12 43 6 62 16 5 4 5 72 21 59 74 30 95 49 60 41 86 45 73 73 76 21 11 98 26 16 75 25 54 69 27 45 74 25 58 30 67 77 68 39 10 98 90 30 38 4 89 20 38 20 22 48 16 65 29 32 94 21 66 26 51 85 71 89 98 58 8 61 
 Nastepna tablica
4 4 4 5 5 6 8 10 11 12 12 12 13 15 16 16 16 17 20 20 21 21 21 21 22 22 22 24 25 25 26 26 27 28 29 30 30 30 31 32 32 35 37 38 38 39 40 41 43 45 45 45 48 49 51 54 58 58 59 60 60 61 61 62 63 65 65 65 66 67 68 68 69 71 71 72 73 73 74 74 75 75 76 77 79 84 85 85 86 86 89 89 89 90 92 94 95 98 98 98 
 Nastepna tablica
39 70 95 6 94 99 23 59 44 29 59 30 95 42 79 83 5 1 43 63 12 15 31 18 80 94 93 47 22 15 57 34 52 79 22 86 29 16 21 70 26 53 7 50 52 51 18 38 24 81 16 90 41 74 100 26 17 70 9 68 98 30 84 76 98 84 8 31 49 79 100 35 19 18 93 29 50 51 88 96 80 78 70 86 55 6 78 73 60 59 87 39 23 9 71 97 34 10 63 100 
 Nastepna tablica
1 5 6 6 7 8 9 9 10 12 15 15 16 16 17 18 18 18 19 21 22 22 23 23 24 26 26 29 29 29 30 30 31 31 34 34 35 38 39 39 41 42 43 44 47 49 50 50 51 51 52 52 53 55 57 59 59 59 60 63 63 68 70 70 70 70 71 73 74 76 78 78 79 79 79 80 80 81 83 84 84 86 86 87 88 90 93 93 94 94 95 95 96 97 98 98 99 100 100 100 
 Nastepna tablica
64 74 79 85 23 54 60 27 71 10 73 66 9 38 3 98 4 84 1 32 75 35 46 89 36 19 68 65 75 67 17 30 97 27 52 40 67 100 74 39 49 64 25 43 76 66 76 47 16 78 13 6 54 45 64 17 57 28 100 9 65 81 55 92 17 25 41 14 37 83 53 6 24 14 35 52 4 43 97 29 66 61 57 49 15 89 31 36 51 35 55 13 13 90 45 3 3 56 79 8 
 Nastepna tablica
1 3 3 3 4 4 6 6 8 9 9 10 13 13 13 14 14 15 16 17 17 17 19 23 24 25 25 27 27 28 29 30 31 32 35 35 35 36 36 37 38 39 40 41 43 43 45 45 46 47 49 49 51 52 52 53 54 54 55 55 56 57 57 60 61 64 64 64 65 65 66 66 66 67 67 68 71 73 74 74 75 75 76 76 78 79 79 81 83 84 85 89 89 90 92 97 97 98 100 100 
 Nastepna tablica
20 77 98 7 15 90 29 4 13 67 30 11 38 38 15 45 40 14 64 26 24 74 97 84 82 52 42 86 11 72 30 17 25 69 37 95 86 93 37 4 52 20 91 38 28 75 5 31 72 86 95 14 99 44 22 23 4 5 60 70 46 25 65 91 62 67 10 65 81 88 56 12 64 65 15 25 77 42 80 3 16 16 11 29 5 73 97 49 68 3 25 27 18 99 21 2 30 55 16 86 
 Nastepna tablica
2 3 3 4 4 4 5 5 5 7 10 11 11 11 12 13 14 14 15 15 15 16 16 16 17 18 20 20 21 22 23 24 25 25 25 25 26 27 28 29 29 30 30 30 31 37 37 38 38 38 40 42 42 44 45 46 49 52 52 55 56 60 62 64 64 65 65 65 67 67 68 69 70 72 72 73 74 75 77 77 80 81 82 84 86 86 86 86 88 90 91 91 93 95 95 97 97 98 99 99 
 Nastepna tablica
21 37 58 47 53 46 27 97 40 5 31 48 35 32 54 42 20 25 27 11 93 17 54 32 22 46 43 51 26 5 37 98 68 34 78 82 20 90 67 17 45 98 52 43 25 46 82 34 31 61 52 12 91 99 15 6 91 78 41 62 41 33 43 52 69 10 62 84 88 43 99 94 69 52 41 23 38 19 8 24 70 75 16 49 39 81 64 72 43 79 63 78 95 43 91 36 45 21 20 78 
 Nastepna tablica
5 5 6 8 10 11 12 15 16 17 17 19 20 20 20 21 21 22 23 24 25 25 26 27 27 31 31 32 32 33 34 34 35 36 37 37 38 39 40 41 41 41 42 43 43 43 43 43 43 45 45 46 46 46 47 48 49 51 52 52 52 52 53 54 54 58 61 62 62 63 64 67 68 69 69 70 72 75 78 78 78 78 79 81 82 82 84 88 90 91 91 91 93 94 95 97 98 98 99 99 
 Nastepna tablica
49 28 3 4 30 30 96 45 95 21 64 5 50 92 99 38 3 15 77 67 1 62 63 3 100 16 88 84 94 62 33 75 19 21 14 2 99 62 55 93 71 81 38 13 58 72 16 22 18 65 13 94 73 37 59 67 1 50 32 97 63 23 53 80 11 10 90 81 13 11 90 70 6 3 33 55 63 40 21 34 73 47 21 2 72 17 13 20 65 26 37 90 41 95 100 56 96 3 69 76 
 Nastepna tablica
1 1 2 2 3 3 3 3 3 4 5 6 10 11 11 13 13 13 13 14 15 16 16 17 18 19 20 21 21 21 21 22 23 26 28 30 30 32 33 33 34 37 37 38 38 40 41 45 47 49 50 50 53 55 55 56 58 59 62 62 62 63 63 63 64 65 65 67 67 69 70 71 72 72 73 73 75 76 77 80 81 81 84 88 90 90 90 92 93 94 94 95 95 96 96 97 99 99 100 100 
 Nastepna tablica
62 37 11 77 69 12 42 79 7 50 36 65 90 57 37 47 25 47 15 70 92 77 73 12 27 34 33 56 43 21 80 96 81 32 96 33 87 42 45 42 48 92 53 28 84 75 81 88 72 33 97 18 43 77 94 26 1 60 46 88 46 98 2 88 79 56 63 14 52 15 38 8 90 84 70 30 31 30 61 97 62 53 61 87 37 92 8 98 87 61 1 51 99 23 5 77 78 33 94 94 
 Nastepna tablica
1 1 2 5 7 8 8 11 12 12 14 15 15 18 21 23 25 26 27 28 30 30 31 32 33 33 33 33 34 36 37 37 37 38 42 42 42 43 43 45 46 46 47 47 48 50 51 52 53 53 56 56 57 60 61 61 61 62 62 63 65 69 70 70 72 73 75 77 77 77 77 78 79 79 80 81 81 84 84 87 87 87 88 88 88 90 90 92 92 92 94 94 94 96 96 97 97 98 98 99 
 Nastepna tablica
49 33 41 48 7 84 50 64 72 96 36 51 90 78 78 58 58 28 77 69 54 58 99 6 54 65 75 94 49 19 14 95 57 14 58 39 61 75 28 53 70 34 87 34 96 15 51 3 51 15 16 54 81 33 11 32 89 38 85 8 65 71 78 33 20 25 12 33 19 9 77 70 21 53 82 2 65 38 25 49 87 24 24 73 61 71 43 70 14 76 95 99 20 75 52 85 39 82 48 57 
 Nastepna tablica
2 3 6 7 8 9 11 12 14 14 14 15 15 16 19 19 20 20 21 24 24 25 25 28 28 32 33 33 33 33 34 34 36 38 38 39 39 41 43 48 48 49 49 49 50 51 51 51 52 53 53 54 54 54 57 57 58 58 58 58 61 61 64 65 65 65 69 70 70 70 71 71 72 73 75 75 75 76 77 77 78 78 78 81 82 82 84 85 85 87 87 89 90 94 95 95 96 96 99 99 
 Nastepna tablica
30 33 5 87 14 75 73 21 91 14 48 17 66 79 90 60 28 57 5 47 33 61 53 50 81 84 30 14 13 48 98 75 85 33 56 91 68 74 100 98 85 83 68 82 84 88 54 48 64 69 42 84 8 91 59 58 28 87 81 10 34 73 10 96 20 56 78 99 91 73 22 79 28 77 4 45 98 38 43 84 29 24 38 93 1 44 28 86 86 66 77 82 90 84 56 36 51 82 54 18 
 Nastepna tablica
1 4 5 5 8 10 10 13 14 14 14 17 18 20 21 22 24 28 28 28 28 29 30 30 33 33 33 34 36 38 38 42 43 44 45 47 48 48 48 50 51 53 54 54 56 56 56 57 58 59 60 61 64 66 66 68 68 69 73 73 73 74 75 75 77 77 78 79 79 81 81 82 82 82 83 84 84 84 84 84 85 85 86 86 87 87 88 90 90 91 91 91 91 93 96 98 98 98 99 100 
 Nastepna tablica
28 7 53 84 86 64 46 66 59 99 71 18 25 67 77 73 100 18 37 43 90 7 90 4 62 61 91 14 3 23 73 77 78 66 91 75 34 12 52 56 48 59 36 42 70 45 83 84 19 88 10 44 88 57 32 100 29 64 60 95 15 92 23 64 5 81 21 85 25 53 51 23 72 52 59 89 24 1 79 44 36 14 27 10 73 31 14 58 28 70 91 46 4 99 100 90 33 40 83 92 
 Nastepna tablica
1 3 4 4 5 7 7 10 10 12 14 14 14 15 18 18 19 21 23 23 23 24 25 25 27 28 28 29 31 32 33 34 36 36 37 40 42 43 44 44 45 46 46 48 51 52 52 53 53 56 57 58 59 59 59 60 61 62 64 64 64 66 66 67 70 70 71 72 73 73 73 75 77 77 78 79 81 83 83 84 84 85 86 88 88 89 90 90 90 91 91 91 92 92 95 99 99 100 100 100 
 Nastepna tablica
89 84 74 64 31 27 12 67 89 13 62 54 58 40 84 5 48 11 89 49 26 69 68 12 29 85 100 55 15 7 68 44 4 35 91 99 25 20 23 87 51 88 97 17 50 22 68 32 61 76 9 73 83 70 59 45 62 94 54 20 66 66 54 33 90 35 72 39 79 11 36 6 37 2 49 51 7 100 17 68 72 70 30 55 91 61 87 68 87 67 67 69 63 13 7 22 13 45 59 85 
 Nastepna tablica
2 4 5 6 7 7 7 9 11 11 12 12 13 13 13 15 17 17 20 20 22 22 23 25 26 27 29 30 31 32 33 35 35 36 37 39 40 44 45 45 48 49 49 50 51 51 54 54 54 55 55 58 59 59 61 61 62 62 63 64 66 66 67 67 67 68 68 68 68 68 69 69 70 70 72 72 73 74 76 79 83 84 84 85 85 87 87 87 88 89 89 89 90 91 91 94 97 99 100 100 
 Nastepna tablica
80 33 50 51 20 27 93 100 85 98 89 96 86 73 12 7 99 51 94 13 33 74 11 73 73 64 44 15 83 27 62 29 76 64 82 59 83 71 68 69 4 52 61 77 86 25 50 100 54 90 74 22 7 25 62 33 64 79 69 93 24 71 62 21 44 66 40 74 90 38 17 18 41 51 96 42 1 70 77 63 96 52 76 72 25 86 100 100 60 39 5 8 66 3 42 68 55 85 48 11 
 Nastepna tablica
1 3 4 5 7 7 8 11 11 12 13 15 17 18 20 21 22 24 25 25 25 27 27 29 33 33 33 38 39 40 41 42 42 44 44 48 50 50 51 51 51 52 52 54 55 59 60 61 62 62 62 63 64 64 64 66 66 68 68 69 69 70 71 71 72 73 73 73 74 74 74 76 76 77 77 79 80 82 83 83 85 85 86 86 86 89 90 90 93 93 94 96 96 96 98 99 100 100 100 100 
 Nastepna tablica
13 64 89 94 39 29 48 64 2 48 93 79 94 87 35 54 52 63 5 23 86 34 66 51 55 49 24 68 41 47 50 94 5 53 100 42 98 39 51 90 5 67 74 93 11 97 73 26 94 91 28 38 57 10 46 27 83 28 98 74 31 95 77 56 29 5 70 89 51 14 30 9 74 31 24 4 39 65 96 24 38 38 26 36 49 57 62 39 48 64 89 65 12 52 15 37 61 57 22 28 
 Nastepna tablica
2 4 5 5 5 5 9 10 11 12 13 14 15 22 23 24 24 24 26 26 27 28 28 28 29 29 30 31 31 34 35 36 37 38 38 38 39 39 39 39 41 42 46 47 48 48 48 49 49 50 51 51 51 52 52 53 54 55 56 57 57 57 61 62 63 64 64 64 65 65 66 67 68 70 73 74 74 74 77 79 83 86 87 89 89 89 90 91 93 93 94 94 94 94 95 96 97 98 98 100 
 Nastepna tablica
21 36 29 81 82 45 90 37 31 90 33 25 81 3 91 69 71 49 18 40 64 76 61 46 36 60 98 48 86 71 50 2 96 39 76 9 48 79 54 40 33 22 96 44 97 20 83 47 54 76 37 17 54 18 14 40 16 74 87 10 35 17 48 84 89 1 23 70 100 71 66 16 92 56 21 75 41 52 65 99 62 76 97 67 55 9 15 100 23 66 21 51 84 21 17 66 79 88 69 79 
 Nastepna tablica
1 2 3 9 9 10 14 15 16 16 17 17 17 18 18 20 21 21 21 21 22 23 23 25 29 31 33 33 35 36 36 37 37 39 40 40 40 41 44 45 46 47 48 48 48 49 50 51 52 54 54 54 55 56 60 61 62 64 65 66 66 66 67 69 69 70 71 71 71 74 75 76 76 76 76 79 79 79 81 81 82 83 84 84 86 87 88 89 90 90 91 92 96 96 97 97 98 99 100 100 
 Nastepna tablica
47 51 79 97 41 72 28 11 78 31 7 84 52 4 56 94 14 33 74 33 25 24 2 38 54 17 93 99 34 43 7 29 8 25 85 1 82 66 88 94 83 86 79 80 75 27 67 9 55 6 29 4 86 16 76 47 76 63 47 59 55 94 77 15 47 87 11 5 6 46 62 36 12 43 86 23 11 67 98 97 46 45 93 37 31 62 80 27 62 57 21 80 68 17 43 78 41 39 87 80 
 Nastepna tablica
1 2 4 4 5 6 6 7 7 8 9 11 11 11 12 14 15 16 17 17 21 23 24 25 25 27 27 28 29 29 31 31 33 33 34 36 37 38 39 41 41 43 43 43 45 46 46 47 47 47 47 51 52 54 55 55 56 57 59 62 62 62 63 66 67 67 68 72 74 75 76 76 77 78 78 79 79 80 80 80 80 82 83 84 85 86 86 86 87 87 88 93 93 94 94 94 97 97 98 99 
 Nastepna tablica
38 8 30 89 61 31 8 10 36 91 5 49 40 28 50 43 79 94 6 2 65 58 61 15 32 72 53 98 41 76 47 80 24 93 24 80 79 10 89 93 51 15 28 34 92 4 15 27 10 97 94 3 20 57 48 83 92 67 6 26 15 30 92 21 78 91 32 9 85 5 12 47 87 71 62 23 74 18 78 48 33 69 40 99 71 12 66 50 30 90 60 91 3 93 98 80 40 75 90 53 
 Nastepna tablica
2 3 3 4 5 5 6 6 8 8 9 10 10 10 12 12 15 15 15 15 18 20 21 23 24 24 26 27 28 28 30 30 30 31 32 32 33 34 36 38 40 40 40 41 43 47 47 48 48 49 50 50 51 53 53 57 58 60 61 61 62 65 66 67 69 71 71 72 74 75 76 78 78 79 79 80 80 80 83 85 87 89 89 90 90 91 91 91 92 92 92 93 93 93 94 94 97 98 98 99 
 Nastepna tablica
79 38 98 4 37 75 56 65 3 48 29 27 51 23 59 5 7 82 2 80 17 49 89 60 30 61 4 17 9 2 57 60 42 34 35 90 56 55 78 48 38 71 97 71 65 92 88 38 62 87 50 26 22 64 86 74 27 94 60 19 49 42 46 85 61 14 51 82 24 92 48 67 51 64 46 13 97 18 47 57 15 83 100 64 7 39 66 84 39 16 44 67 16 81 89 61 40 1 6 91 
 Nastepna tablica
1 2 2 3 4 4 5 6 7 7 9 13 14 15 16 16 17 17 18 19 22 23 24 26 27 27 29 30 34 35 37 38 38 38 39 39 40 42 42 44 46 46 47 48 48 48 49 49 50 51 51 51 55 56 56 57 57 59 60 60 60 61 61 61 62 64 64 64 65 65 66 67 67 71 71 74 75 78 79 80 81 82 82 83 84 85 86 87 88 89 89 90 91 92 92 94 97 97 98 100 
 Nastepna tablica
85 12 42 58 27 66 7 77 5 31 80 31 91 90 53 93 30 27 31 79 89 19 45 28 62 89 70 55 56 78 99 75 44 60 51 98 93 52 54 78 5 41 79 36 24 29 41 37 11 62 99 54 41 59 83 63 68 84 60 48 36 99 68 86 100 97 56 39 89 96 25 84 39 6 59 83 93 82 100 14 28 61 79 50 11 92 18 19 10 33 16 91 12 83 47 5 49 61 93 4 
 Nastepna tablica
4 5 5 5 6 7 10 11 11 12 12 14 16 18 19 19 24 25 27 27 28 28 29 30 31 31 31 33 36 36 37 39 39 41 41 41 42 44 45 47 48 49 50 51 52 53 54 54 55 56 56 58 59 59 60 60 61 61 62 62 63 66 68 68 70 75 77 78 78 79 79 79 80 82 83 83 83 84 84 85 86 89 89 89 90 91 91 92 93 93 93 93 96 97 98 99 99 99 100 100 
 Nastepna tablica
32 1 97 28 81 69 89 29 58 34 70 26 91 57 63 11 20 7 41 73 54 83 19 9 69 78 45 96 80 46 14 26 85 7 18 26 98 18 21 5 88 70 94 5 4 100 31 56 71 22 21 21 2 68 95 70 61 67 42 86 76 22 91 9 88 14 68 58 51 60 31 80 98 36 85 36 29 52 83 42 8 90 91 86 45 35 96 81 63 32 85 56 49 47 83 68 61 58 34 86 
 Nastepna tablica
1 2 4 5 5 7 7 8 9 9 11 14 14 18 18 19 20 21 21 21 22 22 26 26 26 28 29 29 31 31 32 32 34 34 35 36 36 41 42 42 45 45 46 47 49 51 52 54 56 56 57 58 58 58 60 61 61 63 63 67 68 68 68 69 69 70 70 70 71 73 76 78 80 80 81 81 83 83 83 85 85 85 86 86 86 88 88 89 90 91 91 91 94 95 96 96 97 98 98 100 
 Nastepna tablica
99 85 79 65 12 82 27 30 96 60 38 72 60 96 53 80 4 12 60 54 20 20 24 77 40 56 72 23 1 7 6 73 90 28 9 45 3 50 4 57 56 20 69 19 26 91 83 73 26 11 9 15 58 44 45 82 52 36 20 35 15 61 74 65 40 9 24 12 18 90 4 38 94 7 68 98 54 90 91 58 23 60 21 57 84 14 41 90 45 57 16 72 92 52 3 34 22 64 41 65 
 Nastepna tablica
1 3 3 4 4 4 6 7 7 9 9 9 11 12 12 12 14 15 15 16 18 19 20 20 20 20 21 22 23 23 24 24 26 26 27 28 30 34 35 36 38 38 40 40 41 41 44 45 45 45 50 52 52 53 54 54 56 56 57 57 57 58 58 60 60 60 60 61 64 65 65 65 68 69 72 72 72 73 73 74 77 79 80 82 82 83 84 85 90 90 90 90 91 91 92 94 96 96 98 99 
 Nastepna tablica
85 44 54 27 85 51 15 98 37 75 91 22 67 35 90 83 78 7 4 46 79 70 32 77 26 12 89 46 39 10 36 76 41 90 47 28 37 59 6 15 46 93 32 71 91 61 1 71 69 67 97 18 75 7 23 99 63 69 67 50 88 45 65 31 37 3 51 4 15 55 28 84 61 23 2 69 90 12 21 5 28 3 22 65 44 16 3 30 91 20 11 61 27 86 75 11 33 23 98 12 
 Nastepna tablica
1 2 3 3 3 4 4 5 6 7 7 10 11 11 12 12 12 15 15 15 16 18 20 21 22 22 23 23 23 26 27 27 28 28 28 30 31 32 32 33 35 36 37 37 37 39 41 44 44 45 46 46 46 47 50 51 51 54 55 59 61 61 61 63 65 65 67 67 67 69 69 69 70 71 71 75 75 75 76 77 78 79 83 84 85 85 86 88 89 90 90 90 91 91 91 93 97 98 98 99 
 Nastepna tablica
13 47 19 17 42 79 89 77 53 45 8 42 8 21 45 72 31 97 70 65 73 59 91 44 10 66 100 83 37 26 28 96 58 23 69 32 30 36 53 71 30 33 100 50 67 94 75 10 71 31 9 76 21 48 56 94 21 27 22 13 98 16 12 91 63 56 91 86 4 38 89 58 3 94 30 100 47 95 52 12 32 44 56 76 23 9 50 93 34 67 14 45 79 97 96 57 78 96 12 82 
 Nastepna tablica
3 4 8 8 9 9 10 10 12 12 12 13 13 14 16 17 19 21 21 21 22 23 23 26 27 28 30 30 30 31 31 32 32 33 34 36 37 38 42 42 44 44 45 45 45 47 47 48 50 50 52 53 53 56 56 56 57 58 58 59 63 65 66 67 67 69 70 71 71 72 73 75 76 76 77 78 79 79 82 83 86 89 89 91 91 91 93 94 94 94 95 96 96 96 97 97 98 100 100 100 
 Nastepna tablica
29 61 31 31 76 2 78 5 68 95 24 65 70 49 2 85 79 72 25 81 87 64 36 64 21 9 94 12 42 16 22 22 40 46 13 9 19 39 44 20 88 61 38 82 78 6 93 62 2 24 100 55 48 44 63 94 43 52 23 61 23 33 19 54 57 31 8 69 30 75 51 74 85 67 80 66 3 92 23 8 48 20 68 3 75 17 29 98 5 62 34 71 54 13 64 67 8 89 23 78 
 Nastepna tablica
2 2 2 3 3 5 5 6 8 8 8 9 9 12 13 13 16 17 19 19 20 20 21 22 22 23 23 23 23 24 24 25 29 29 30 31 31 31 33 34 36 38 39 40 42 43 44 44 46 48 48 49 51 52 54 54 55 57 61 61 61 62 62 63 64 64 64 65 66 67 67 68 68 69 70 71 72 74 75 75 76 78 78 78 79 80 81 82 85 85 87 88 89 92 93 94 94 95 98 100 
 Nastepna tablica
32 92 73 66 10 76 4 11 89 97 77 30 83 18 85 4 58 73 16 17 19 40 21 31 58 6 65 89 66 92 36 25 46 92 4 41 60 24 3 66 9 31 59 45 21 5 51 95 16 87 29 30 2 84 74 20 55 78 18 55 50 77 97 26 19 54 57 83 78 42 69 41 66 80 24 8 85 33 30 67 26 15 24 58 53 96 23 40 62 43 75 74 56 46 55 52 27 42 100 47 
 Nastepna tablica
2 3 4 4 4 5 6 8 9 10 11 15 16 16 17 18 18 19 19 20 21 21 23 24 24 24 25 26 26 27 29 30 30 30 31 31 32 33 36 40 40 41 41 42 42 43 45 46 46 47 50 51 52 53 54 55 55 55 56 57 58 58 58 59 60 62 65 66 66 66 66 67 69 73 73 74 74 75 76 77 77 78 78 80 83 83 84 85 85 87 89 89 92 92 92 95 96 97 97 100 
 Nastepna tablica
84 96 1 100 52 86 82 48 12 54 58 73 95 61 81 60 48 2 34 87 54 95 3 97 25 33 98 32 43 36 20 66 42 49 69 66 60 100 63 5 81 84 74 84 91 13 59 5 8 36 75 78 67 16 91 49 44 72 18 53 61 64 23 43 29 98 39 20 73 94 48 86 84 43 55 69 43 39 12 37 96 24 20 89 1 97 83 93 9 97 6 60 80 38 3 91 32 69 88 98 
 Nastepna tablica
1 1 2 3 3 5 5 6 8 9 12 12 13 16 18 20 20 20 23 24 25 29 32 32 33 34 36 36 37 38 39 39 42 43 43 43 43 44 48 48 48 49 49 52 53 54 54 55 58 59 60 60 60 61 61 63 64 66 66 67 69 69 69 72 73 73 74 75 78 80 81 81 82 83 84 84 84 84 86 86 87 88 89 91 91 91 93 94 95 95 96 96 97 97 97 98 98 98 100 100 
 Nastepna tablica
39 51 73 80 57 43 45 16 9 59 74 35 24 96 43 51 85 50 75 2 97 39 28 52 85 82 5 97 52 91 24 95 98 41 94 10 17 68 92 4 43 73 2 91 49 43 90 57 75 67 47 88 27 93 82 22 62 72 29 22 32 88 94 63 87 47 87 9 87 63 15 70 25 65 71 70 33 25 75 50 17 56 34 6 99 25 73 17 86 1 95 33 60 89 84 11 5 33 11 52 
 Nastepna tablica
1 2 2 4 5 5 6 9 9 10 11 11 15 16 17 17 17 22 22 24 24 25 25 25 27 28 29 32 33 33 33 34 35 39 39 41 43 43 43 43 45 47 47 49 50 50 51 51 52 52 52 56 57 57 59 60 62 63 63 65 67 68 70 70 71 72 73 73 73 74 75 75 75 80 82 82 84 85 85 86 87 87 87 88 88 89 90 91 91 92 93 94 94 95 95 96 97 97 98 99 
 Nastepna tablica
39 74 36 9 62 100 11 8 91 33 83 71 25 5 26 80 21 62 73 46 97 71 6 4 4 80 76 39 9 16 15 20 90 79 45 38 26 24 36 85 76 25 1 48 6 54 29 48 50 64 26 5 32 75 23 84 9 54 95 70 54 58 67 33 31 88 3 100 81 2 84 19 58 88 55 32 28 59 72 15 17 59 75 81 18 82 58 31 98 32 33 53 20 4 23 22 70 11 42 28 
 Nastepna tablica
1 2 3 4 4 4 5 5 6 6 8 9 9 9 11 11 15 15 16 17 18 19 20 20 21 22 23 23 24 25 25 26 26 26 28 28 29 31 31 32 32 32 33 33 33 36 36 38 39 39 42 45 46 48 48 50 53 54 54 54 55 58 58 58 59 59 62 62 64 67 70 70 71 71 72 73 74 75 75 76 76 79 80 80 81 81 82 83 84 84 85 88 88 90 91 95 97 98 100 100 
 Nastepna tablica
56 79 41 37 16 46 3 99 52 57 2 68 35 39 37 19 79 46 75 73 7 1 86 91 19 50 55 19 24 54 94 46 2 49 15 73 39 52 78 18 5 98 53 93 91 60 32 22 100 69 58 81 12 48 17 81 56 73 90 5 52 27 30 33 71 90 36 67 61 56 12 45 36 51 11 54 53 47 80 47 96 70 15 68 42 59 32 11 62 31 9 96 94 69 23 61 40 93 51 37 
 Nastepna tablica
1 2 2 3 5 5 7 9 11 11 12 12 15 15 16 17 18 19 19 19 22 23 24 27 30 31 32 32 33 35 36 36 37 37 37 39 39 40 41 42 45 46 46 46 47 47 48 49 50 51 51 52 52 52 53 53 54 54 55 56 56 56 57 58 59 60 61 61 62 67 68 68 69 69 70 71 73 73 73 75 78 79 79 80 81 81 86 90 90 91 91 93 93 94 94 96 96 98 99 100 
 Nastepna tablica
33 79 9 63 27 69 85 24 65 86 41 13 7 80 65 18 97 85 33 20 1 33 12 83 3 15 86 28 79 34 27 100 76 5 76 9 20 82 67 47 88 2 42 93 38 17 89 90 23 42 61 13 26 72 87 31 74 39 60 15 59 68 85 91 28 83 55 47 19 40 37 74 53 80 49 19 84 12 51 84 46 46 95 45 24 51 6 80 47 44 100 37 73 37 65 43 68 27 92 64 
 Nastepna tablica
1 2 3 5 6 7 9 9 12 12 13 13 15 15 17 18 19 19 20 20 23 24 24 26 27 27 27 28 28 31 33 33 33 34 37 37 37 38 39 40 41 42 42 43 44 45 46 46 47 47 47 49 51 51 53 55 59 60 61 63 64 65 65 65 67 68 68 69 72 73 74 74 76 76 79 79 80 80 80 82 83 83 84 84 85 85 85 86 86 87 88 89 90 91 92 93 95 97 100 100 
 Nastepna tablica
86 5 63 66 40 38 60 46 73 45 67 41 5 44 17 100 71 25 60 9 74 30 21 24 11 28 95 3 24 87 4 36 51 27 28 22 10 30 16 19 25 80 41 77 13 87 9 84 76 68 31 38 88 33 14 68 92 77 54 21 1 73 43 32 65 97 5 51 62 38 21 9 89 93 96 43 29 16 93 59 5 31 17 96 60 85 4 86 61 72 75 21 78 67 96 44 13 63 22 32 
 Nastepna tablica
1 3 4 4 5 5 5 5 9 9 9 10 11 13 13 14 16 16 17 17 19 21 21 21 21 22 22 24 24 25 25 27 28 28 29 30 30 31 31 32 32 33 36 38 38 38 40 41 41 43 43 44 44 45 46 51 51 54 59 60 60 60 61 62 63 63 65 66 67 67 68 68 71 72 73 73 74 75 76 77 77 78 80 84 85 86 86 87 87 88 89 92 93 93 95 96 96 96 97 100 
 Nastepna tablica
12 44 54 9 76 80 41 72 25 12 59 13 25 82 3 51 47 18 19 50 61 13 47 4 83 12 25 87 70 49 23 90 53 30 97 2 91 49 40 31 17 51 100 91 57 73 29 46 44 65 27 55 60 21 71 78 20 83 88 70 76 31 8 53 20 46 96 33 32 60 77 33 34 9 79 29 23 4 86 30 95 20 92 21 54 58 78 22 42 58 86 20 31 33 92 24 29 35 40 65 
 Nastepna tablica
2 3 4 4 8 9 9 12 12 12 13 13 17 18 19 20 20 20 20 21 21 22 23 23 24 25 25 25 27 29 29 29 30 30 31 31 31 32 33 33 33 34 35 40 40 41 42 44 44 46 46 47 47 49 49 50 51 51 53 53 54 54 55 57 58 58 59 60 60 61 65 65 70 70 71 72 73 76 76 77 78 78 79 80 82 83 83 86 86 87 88 90 91 91 92 92 95 96 97 100 
 Nastepna tablica
98 22 52 26 11 63 98 50 2 91 52 27 88 80 89 94 4 73 79 57 9 44 19 26 64 63 49 47 41 9 17 23 74 21 20 37 68 51 91 38 39 30 25 99 88 74 23 8 29 34 5 78 91 81 91 36 98 9 37 40 58 80 54 19 46 30 27 30 34 15 63 3 100 69 90 53 38 60 6 55 45 18 41 90 42 41 77 81 50 43 33 60 99 24 49 24 93 6 31 47 
 Nastepna tablica
2 3 4 5 6 6 8 9 9 9 11 15 17 18 19 19 20 21 22 23 23 24 24 25 26 26 27 27 29 30 30 30 31 33 34 34 36 37 37 38 38 39 40 41 41 41 42 43 44 45 46 47 47 49 49 50 50 51 52 52 53 54 55 57 58 60 60 63 63 63 64 68 69 73 74 74 77 78 79 80 80 81 81 88 88 89 90 90 91 91 91 91 93 94 98 98 98 99 99 100 
 Nastepna tablica
80 93 26 38 56 72 51 35 62 32 54 52 61 87 27 33 57 64 22 57 67 85 100 10 57 49 64 67 23 83 81 65 58 55 24 2 96 47 31 30 25 48 15 38 16 87 87 26 8 18 71 13 21 72 24 60 6 63 68 31 5 15 80 7 65 71 40 73 10 59 44 97 6 98 76 78 74 45 65 25 16 7 9 57 16 86 75 90 61 6 69 29 66 69 82 66 8 11 23 51 
 Nastepna tablica
2 5 6 6 6 7 7 8 8 9 10 10 11 13 15 15 16 16 16 18 21 22 23 23 24 24 25 25 26 26 27 29 30 31 31 32 33 35 38 38 40 44 45 47 48 49 51 51 52 54 55 56 57 57 57 57 58 59 60 61 61 62 63 64 64 65 65 65 66 66 67 67 68 69 69 71 71 72 72 73 74 75 76 78 80 80 81 82 83 85 86 87 87 87 90 93 96 97 98 100 
 Nastepna tablica
13 46 84 73 61 5 95 28 32 68 60 63 8 100 55 88 17 96 42 89 18 19 7 92 34 28 93 45 39 42 66 33 85 70 68 97 58 25 98 63 77 82 90 80 29 63 100 27 47 19 37 85 18 36 93 45 61 26 42 54 23 64 23 35 31 1 32 50 42 10 82 56 93 94 57 19 29 29 3 22 26 85 56 13 12 62 8 36 96 10 77 41 66 77 22 32 50 33 35 91 
 Nastepna tablica
1 3 5 7 8 8 10 10 12 13 13 17 18 18 19 19 19 22 22 23 23 25 26 26 27 28 28 29 29 29 31 32 32 32 33 33 34 35 35 36 36 37 39 41 42 42 42 42 45 45 46 47 50 50 54 55 56 56 57 58 60 61 61 62 63 63 63 64 66 66 68 68 70 73 77 77 77 80 82 82 84 85 85 85 88 89 90 91 92 93 93 93 94 95 96 96 97 98 100 100 
 Nastepna tablica
72 47 10 98 24 60 86 37 42 31 61 39 71 76 47 50 96 34 72 36 46 44 30 31 59 77 97 57 6 100 51 81 49 22 56 74 47 52 20 93 8 99 38 77 89 55 81 79 47 86 37 42 52 8 89 88 63 64 46 97 56 60 10 24 88 86 90 24 93 22 57 88 81 63 38 18 52 66 79 25 48 84 27 5 9 30 93 51 24 30 75 33 18 48 61 99 45 88 21 15 
 Nastepna tablica
5 6 8 8 9 10 10 15 18 18 20 21 22 22 24 24 24 24 25 27 30 30 30 31 31 33 34 36 37 37 38 38 39 42 42 44 45 46 46 47 47 47 47 48 48 49 50 51 51 52 52 52 55 56 56 57 57 59 60 60 61 61 63 63 64 66 71 72 72 74 75 76 77 77 79 79 81 81 81 84 86 86 86 88 88 88 88 89 89 90 93 93 93 96 97 97 98 99 99 100 
 Nastepna tablica
95 42 79 66 27 17 65 71 92 36 85 51 31 63 70 38 13 86 3 33 61 7 22 4 39 16 72 23 24 78 61 67 76 28 23 74 58 91 62 35 38 11 27 30 5 18 29 8 84 4 32 86 74 19 99 35 92 64 67 55 74 1 58 61 20 16 45 5 92 44 74 99 77 14 21 10 57 83 5 72 7 60 77 68 8 94 52 14 15 76 54 28 54 73 32 1 43 54 21 86 
 Nastepna tablica
1 1 3 4 4 5 5 5 7 7 8 8 10 11 13 14 14 15 16 16 17 18 19 20 21 21 22 23 23 24 27 27 28 28 29 30 31 32 32 33 35 35 36 38 38 39 42 43 44 45 51 52 54 54 54 55 57 58 58 60 61 61 61 62 63 64 65 66 67 67 68 70 71 72 72 73 74 74 74 74 76 76 77 77 78 79 83 84 85 86 86 86 91 92 92 92 94 95 99 99 
 Nastepna tablica
99 100 49 46 94 21 66 74 51 85 66 13 93 43 25 18 50 25 64 48 71 52 92 17 69 39 34 82 86 42 47 58 54 86 39 45 32 20 88 50 32 20 52 73 15 59 51 42 69 66 22 38 53 72 98 35 65 77 25 53 88 61 70 64 82 24 64 91 99 19 57 8 86 48 75 45 39 65 42 89 75 11 47 7 15 32 40 69 72 97 33 26 45 41 27 25 50 5 47 5 
 Nastepna tablica
5 5 7 8 11 13 15 15 17 18 19 20 20 21 22 24 25 25 25 25 26 27 32 32 32 33 34 35 38 39 39 39 40 41 42 42 42 43 45 45 45 46 47 47 47 48 48 49 50 50 50 51 51 52 52 53 53 54 57 58 59 61 64 64 64 65 65 66 66 66 69 69 69 70 71 72 72 73 74 75 75 77 82 82 85 86 86 86 88 88 89 91 92 93 94 97 98 99 99 100 
 Nastepna tablica
95 7 70 21 84 97 10 51 95 98 47 14 26 10 99 4 40 80 6 85 62 41 86 31 18 60 6 32 70 49 86 95 17 50 74 8 63 91 43 71 43 44 30 81 22 21 74 32 1 77 68 48 17 19 20 27 62 12 83 54 98 77 7 96 56 37 3 55 85 22 56 40 97 41 75 28 77 30 3 20 40 65 53 4 99 69 38 60 25 75 50 99 3 7 47 97 64 69 43 26 
 Nastepna tablica
1 3 3 3 4 4 6 6 7 7 7 8 10 10 12 14 17 17 18 19 20 20 21 21 22 22 25 26 26 27 28 30 30 31 32 32 37 38 40 40 40 41 41 43 43 43 44 47 47 48 49 50 50 51 53 54 55 56 56 60 60 62 62 63 64 65 68 69 69 70 70 71 74 74 75 75 77 77 77 80 81 83 84 85 85 86 86 91 95 95 95 96 97 97 97 98 98 99 99 99 
 Nastepna tablica
81 46 73 15 7 72 53 1 81 55 55 24 56 5 78 37 47 65 46 35 52 8 90 14 100 92 74 81 54 28 3 94 63 51 52 16 80 36 58 48 37 15 3 51 41 38 7 70 14 46 22 47 50 18 36 88 14 48 95 53 69 84 75 3 24 94 88 82 53 51 96 66 26 58 52 1 88 86 60 36 27 16 11 17 83 31 44 84 11 60 20 8 77 15 39 72 95 25 12 9 
 Nastepna tablica
1 1 3 3 3 5 7 7 8 8 9 11 11 12 14 14 14 15 15 15 16 16 17 18 20 22 24 24 25 26 27 28 31 35 36 36 36 37 37 38 39 41 44 46 46 46 47 47 48 48 50 51 51 51 52 52 52 53 53 53 54 55 55 56 58 58 60 60 63 65 66 69 70 72 72 73 74 75 77 78 80 81 81 81 82 83 84 84 86 88 88 88 90 92 94 94 95 95 96 100 
 Nastepna tablica
57 80 68 19 39 68 49 35 12 27 45 43 62 43 96 20 16 50 54 39 41 74 95 35 79 87 95 94 25 34 57 22 84 39 89 82 12 93 9 1 25 44 54 66 36 63 31 57 35 99 58 64 32 40 69 78 66 78 62 36 36 35 63 33 55 88 65 67 29 13 79 38 67 44 66 29 47 44 70 51 31 46 4 44 50 36 61 36 26 18 45 71 34 14 70 77 20 75 50 100 
 Nastepna tablica
1 4 9 12 12 13 14 16 18 19 20 20 22 25 25 26 27 29 29 31 31 32 33 34 34 35 35 35 35 36 36 36 36 36 38 39 39 39 40 41 43 43 44 44 44 44 45 45 46 47 49 50 50 50 51 54 54 55 57 57 57 58 61 62 62 63 63 64 65 66 66 66 67 67 68 68 69 70 70 71 74 75 77 78 78 79 79 80 82 84 87 88 89 93 94 95 95 96 99 100 
 Nastepna tablica
15 8 16 75 75 13 14 25 69 18 7 87 45 47 91 71 81 76 93 2 8 18 72 14 30 53 53 83 22 24 22 6 41 54 44 36 45 86 82 90 58 53 35 69 87 34 40 44 16 35 92 59 91 38 19 22 53 34 62 66 98 47 43 92 56 63 55 60 67 15 10 99 9 77 21 60 92 59 23 3 96 24 17 80 43 86 54 23 70 4 11 71 50 68 30 64 22 79 13 87 
 Nastepna tablica
2 3 4 6 7 8 8 9 10 11 13 13 14 14 15 15 16 16 17 18 18 19 21 22 22 22 22 23 23 24 24 25 30 30 34 34 35 35 36 38 40 41 43 43 44 44 45 45 47 47 50 53 53 53 53 54 54 55 56 58 59 59 60 60 62 63 64 66 67 68 69 69 70 71 71 72 75 75 76 77 79 80 81 82 83 86 86 87 87 87 90 91 91 92 92 92 93 96 98 99 
 Nastepna tablica
95 32 57 37 66 23 32 13 24 23 32 30 68 53 33 28 68 86 92 20 65 75 21 62 5 63 50 42 10 75 49 6 76 53 33 23 81 17 7 7 76 72 46 10 28 29 44 60 27 46 75 57 31 27 48 94 19 53 61 51 5 93 37 37 87 42 4 26 91 88 20 75 35 39 67 74 49 92 85 51 75 54 25 20 71 35 51 83 45 44 37 23 33 39 11 51 62 47 87 82 
 Nastepna tablica
4 5 5 6 7 7 10 10 11 13 17 19 20 20 20 21 23 23 23 23 24 25 26 27 27 28 28 29 30 31 32 32 32 33 33 33 35 35 37 37 37 37 39 39 42 42 44 44 45 46 46 47 48 49 49 50 51 51 51 51 53 53 53 54 57 57 60 61 62 62 63 65 66 67 68 68 71 72 74 75 75 75 75 75 76 76 81 82 83 85 86 87 87 88 91 92 92 93 94 95 
 Nastepna tablica
3 65 49 12 82 5 9 24 82 82 98 6 97 82 87 98 37 14 60 98 26 58 7 97 37 51 84 13 3 96 54 70 5 38 6 99 59 28 13 36 87 3 61 17 7 51 24 94 21 33 73 35 70 97 19 54 65 35 67 78 2 70 28 43 66 33 77 76 40 90 3 27 40 59 19 67 12 95 22 78 64 69 27 45 14 15 9 13 49 57 42 59 14 91 87 60 97 41 17 74 
 Nastepna tablica
2 3 3 3 3 5 5 6 6 7 7 9 9 12 12 13 13 13 14 14 14 15 17 17 19 19 21 22 24 24 26 27 27 28 28 33 33 35 35 36 37 37 38 40 40 41 42 43 45 49 49 51 51 54 54 57 58 59 59 59 60 60 61 64 65 65 66 67 67 69 70 70 70 73 74 76 77 78 78 82 82 82 82 84 87 87 87 90 91 94 95 96 97 97 97 97 98 98 98 99 
 Nastepna tablica
57 49 90 89 26 86 92 65 45 99 51 30 81 30 58 73 53 78 96 71 62 91 27 92 23 72 93 90 54 81 45 81 68 47 40 53 8 21 64 74 8 32 100 7 4 52 10 83 11 4 90 27 92 36 11 4 37 38 99 72 38 47 58 10 31 11 3 91 26 94 27 51 88 8 81 69 38 76 94 34 45 92 17 26 33 24 18 44 33 28 73 91 27 90 52 97 97 13 16 17 
 Nastepna tablica
3 4 4 4 7 8 8 8 10 10 11 11 11 13 16 17 17 18 21 23 24 26 26 26 27 27 27 27 28 30 30 31 32 33 33 34 36 37 38 38 38 40 44 45 45 45 47 47 49 51 51 52 52 53 53 54 57 58 58 62 64 65 68 69 71 72 72 73 73 74 76 78 81 81 81 81 83 86 88 89 90 90 90 90 91 91 91 92 92 92 92 93 94 94 96 97 97 99 99 100 
 Nastepna tablica
69 6 72 75 41 61 22 51 34 36 24 6 66 90 58 52 95 55 44 55 74 65 71 66 48 62 91 34 11 8 3 49 100 90 28 83 48 69 7 98 89 69 50 4 50 62 13 60 33 93 85 69 92 55 36 30 34 51 46 71 12 70 8 83 95 76 31 3 51 98 71 57 45 44 29 60 69 88 1 15 76 70 8 8 75 53 65 87 99 5 54 51 68 18 94 88 75 62 13 18 
 Nastepna tablica
1 3 3 4 5 6 6 7 8 8 8 8 11 12 13 13 15 18 18 22 24 28 29 30 31 33 34 34 34 36 36 41 44 44 45 46 48 48 49 50 50 51 51 51 51 52 53 54 55 55 55 57 58 60 60 61 62 62 62 65 65 66 66 68 69 69 69 69 69 70 70 71 71 71 72 74 75 75 75 76 76 83 83 85 87 88 88 89 90 90 91 92 93 94 95 95 98 98 99 100 
 Nastepna tablica
89 91 71 89 20 59 48 57 56 28 100 88 35 82 86 54 44 58 74 12 2 76 28 72 43 88 11 3 71 74 81 4 27 44 15 89 45 16 37 8 70 26 64 28 98 21 91 7 11 60 63 58 80 44 10 54 62 33 29 13 27 42 45 27 59 97 67 98 97 78 26 80 100 10 42 50 29 83 67 32 50 58 24 84 79 26 48 15 76 19 37 42 32 25 47 44 8 46 7 60 
 Nastepna tablica
2 3 4 7 7 8 8 10 10 11 11 12 13 15 15 16 19 20 21 24 25 26 26 26 27 27 27 28 28 28 29 29 32 32 33 35 37 37 42 42 42 43 44 44 44 44 45 45 46 47 48 48 50 50 54 54 56 57 58 58 58 59 59 60 60 62 63 64 67 67 70 71 71 72 74 74 76 76 78 79 80 80 81 82 83 84 86 88 88 89 89 89 91 91 97 97 98 98 100 100 
 Nastepna tablica
95 9 81 30 29 88 34 51 9 28 94 13 31 36 29 23 93 100 96 20 66 63 11 85 85 83 4 2 23 63 2 30 71 72 4 10 1 16 92 98 57 81 87 25 85 26 41 82 94 79 40 68 74 97 46 15 30 4 32 71 83 72 78 100 2 97 35 23 56 71 87 32 41 64 68 68 5 8 73 42 96 76 6 40 38 2 59 75 91 16 55 79 60 45 73 8 43 11 84 33 
 Nastepna tablica
1 2 2 2 2 4 4 4 5 6 8 8 9 9 10 11 11 13 15 16 16 20 23 23 23 25 26 28 29 29 30 30 30 31 32 32 33 34 35 36 38 40 40 41 41 42 43 45 46 51 55 56 57 59 60 63 63 64 66 68 68 68 71 71 71 72 72 73 73 74 75 76 78 79 79 81 81 82 83 83 84 85 85 85 87 87 88 91 92 93 94 94 95 96 96 97 97 98 100 100 
 Nastepna tablica
63 3 12 69 74 35 91 68 9 46 29 90 93 65 20 47 22 8 19 54 69 71 28 15 90 38 48 91 58 38 98 98 49 54 11 32 11 16 49 2 15 21 29 23 25 56 47 55 52 61 12 44 43 93 81 19 34 87 50 36 27 6 24 23 6 42 52 50 20 61 37 45 99 59 81 45 74 91 86 20 50 87 47 44 2 34 8 26 19 45 49 29 7 72 15 83 87 37 83 94 
 Nastepna tablica
2 2 3 6 6 7 8 8 9 11 11 12 12 15 15 15 16 19 19 19 20 20 20 21 22 23 23 24 25 26 27 28 29 29 29 32 34 34 35 36 37 37 38 38 42 43 44 44 45 45 45 46 47 47 47 48 49 49 49 50 50 50 52 52 54 54 55 56 58 59 61 61 63 65 68 69 69 71 72 74 74 81 81 83 83 86 87 87 87 90 90 91 91 91 93 93 94 98 98 99 
 Nastepna tablica
82 88 89 91 32 5 76 63 34 44 11 23 68 32 19 62 49 14 78 93 61 78 63 2 61 58 27 67 35 89 44 77 20 87 71 92 14 84 63 62 81 22 92 36 44 18 10 15 64 85 26 35 41 39 1 60 6 21 15 94 62 100 26 83 2 5 56 61 5 38 42 1 29 61 74 54 56 91 86 23 3 31 94 57 70 61 87 15 60 81 45 2 68 17 38 3 44 94 52 30 
 Nastepna tablica
1 1 2 2 2 3 3 5 5 5 6 10 11 14 14 15 15 15 17 18 19 20 21 22 23 23 26 26 27 29 30 31 32 32 34 35 35 36 38 38 39 41 42 44 44 44 44 45 49 52 54 56 56 57 58 60 60 61 61 61 61 61 62 62 62 63 63 63 64 67 68 68 70 71 74 76 77 78 78 81 81 82 83 84 85 86 87 87 88 89 89 91 91 92 92 93 94 94 94 100 
 Nastepna tablica
98 25 33 77 44 32 69 30 35 6 36 17 7 69 24 22 80 90 37 18 29 59 11 91 54 40 12 73 71 2 71 90 72 83 76 98 65 41 93 7 78 67 32 66 19 45 61 51 8 60 83 94 93 41 50 82 12 49 64 66 87 77 93 26 43 34 31 75 77 19 65 18 8 98 70 50 99 9 89 88 9 14 76 46 6 45 98 55 28 72 66 62 70 35 1 41 15 85 9 96 
 Nastepna tablica
1 2 6 6 7 7 8 8 9 9 9 11 12 12 14 15 17 18 18 19 19 22 24 25 26 28 29 30 31 32 32 33 34 35 35 36 37 40 41 41 41 43 44 45 45 46 49 50 50 51 54 55 59 60 61 62 64 65 65 66 66 66 67 69 69 70 70 71 71 72 72 73 75 76 76 77 77 77 78 80 82 83 83 85 87 88 89 90 90 91 93 93 93 94 96 98 98 98 98 99 
 Nastepna tablica
79 70 43 22 41 3 61 84 88 39 60 100 39 84 89 79 6 53 63 13 84 89 73 84 50 52 16 32 93 51 43 22 43 26 17 100 58 66 38 28 97 49 62 11 15 9 50 76 9 83 89 49 91 60 62 61 98 8 30 54 4 38 85 89 57 20 84 92 1 91 90 15 54 82 54 6 80 55 3 58 37 50 55 14 21 61 97 96 94 79 35 52 41 29 75 4 54 82 40 93 
 Nastepna tablica
1 3 3 4 4 6 6 8 9 9 11 13 14 15 15 16 17 20 21 22 22 26 28 29 30 32 35 37 38 38 39 39 40 41 41 43 43 43 49 49 50 50 50 51 52 52 53 54 54 54 54 55 55 57 58 58 60 60 61 61 61 62 62 63 66 70 73 75 76 79 79 79 80 82 82 83 84 84 84 84 84 85 88 89 89 89 89 90 91 91 92 93 93 94 96 97 97 98 100 100 
 Nastepna tablica
4 94 54 53 100 13 66 25 38 93 12 89 64 65 46 17 75 84 58 98 35 9 63 26 23 56 36 52 41 41 88 92 67 75 25 53 14 88 28 64 57 83 64 4 69 78 46 58 12 37 17 87 24 7 77 3 98 71 82 56 6 62 66 32 13 83 46 4 60 46 40 77 66 97 97 47 13 32 15 24 57 77 61 86 14 79 82 100 6 2 75 13 50 71 16 14 62 16 84 69 
 Nastepna tablica
2 3 4 4 4 6 6 7 9 12 12 13 13 13 13 14 14 14 15 16 16 17 17 23 24 24 25 25 26 28 32 32 35 36 37 38 40 41 41 46 46 46 46 47 50 52 53 53 54 56 56 57 57 58 58 60 61 62 62 63 64 64 64 65 66 66 66 67 69 69 71 71 75 75 75 77 77 77 78 79 82 82 83 83 84 84 86 87 88 88 89 92 93 94 97 97 98 98 100 100 
 Nastepna tablica
10 27 8 11 20 59 33 72 35 39 9 63 60 74 100 27 31 99 19 56 88 98 68 95 80 61 47 97 98 20 56 49 81 71 7 100 72 74 53 32 83 7 91 81 99 86 28 83 17 37 25 36 7 53 33 81 88 61 7 66 30 89 70 55 4 50 80 37 100 92 52 66 85 12 94 3 18 11 94 70 87 67 19 95 24 80 57 56 39 94 47 25 61 5 82 37 84 32 40 73 
 Nastepna tablica
3 4 5 7 7 7 7 8 9 10 11 11 12 17 18 19 19 20 20 24 25 25 27 27 28 30 31 32 32 33 33 35 36 37 37 37 39 39 40 47 47 49 50 52 53 53 55 56 56 56 57 59 60 61 61 61 63 66 66 67 68 70 70 71 72 72 73 74 74 80 80 80 81 81 81 82 83 83 84 85 86 87 88 88 89 91 92 94 94 94 95 95 97 98 98 99 99 100 100 100 
 Nastepna tablica
78 86 16 76 14 30 54 52 15 7 97 39 74 55 12 78 25 71 54 15 44 83 89 41 59 90 4 52 40 89 71 48 10 73 47 10 21 66 75 65 88 4 63 19 17 7 55 57 96 39 54 23 27 18 19 98 17 22 67 66 68 22 61 96 59 19 70 89 67 58 33 81 65 88 30 46 36 90 73 55 13 70 38 91 57 54 34 46 57 60 89 51 44 97 65 3 80 42 61 9 
 Nastepna tablica
3 4 4 7 7 9 10 10 12 13 14 15 15 16 17 17 18 19 19 19 21 22 22 23 25 27 30 30 33 34 36 38 39 39 40 41 42 44 44 46 46 47 48 51 52 52 54 54 54 54 55 55 55 57 57 57 58 59 59 60 61 61 63 65 65 65 66 66 67 67 68 70 70 71 71 73 73 74 75 76 78 78 80 81 83 86 88 88 89 89 89 89 90 90 91 96 96 97 97 98 
 Nastepna tablica
58 11 40 54 60 58 59 95 60 68 90 92 82 10 78 32 77 79 62 50 66 43 72 86 21 47 77 49 32 4 84 37 48 30 75 32 59 62 30 82 32 77 66 9 37 45 98 1 79 45 3 73 85 93 9 60 30 73 27 71 60 23 87 50 33 17 23 56 69 63 79 32 72 45 64 38 10 49 5 31 99 4 24 65 56 17 43 64 11 69 12 64 74 93 41 99 19 5 40 86 
 Nastepna tablica
1 3 4 4 5 5 9 9 10 10 11 11 12 17 17 19 21 23 23 24 27 30 30 30 31 32 32 32 32 32 33 37 37 38 40 40 41 43 43 45 45 45 47 48 49 49 50 50 54 56 56 58 58 59 59 60 60 60 60 62 62 63 64 64 64 65 66 66 68 69 69 71 72 72 73 73 74 75 77 77 77 78 79 79 79 82 82 84 85 86 86 87 90 92 93 93 95 98 99 99 
 Nastepna tablica
